200 PA4-J-Unknown-Output.txt
3.11 23.85 11.17 3.16 23.77 11.19 0.09
8.90 20.83 52.52 8.85 20.99 52.54 0.16
-1.39 -11.02 11.50 -1.37 -10.92 11.49 0.10
-2.72 -22.84 -19.85 -2.64 -22.92 -19.82 0.12
-4.69 13.56 53.31 -4.62 13.52 53.31 0.08
32.06 -6.76 6.57 32.04 -6.73 6.56 0.04
-39.85 -21.96 -24.04 -39.93 -22.02 -24.03 0.09
15.90 -6.61 23.01 15.89 -6.53 23.01 0.07
-3.16 19.56 40.91 -3.18 19.70 40.98 0.16
-6.19 2.68 60.70 -6.29 2.66 60.72 0.11
-5.12 12.66 5.97 -5.21 12.78 5.92 0.16
-10.89 0.39 -43.19 -10.88 0.40 -43.20 0.01
15.32 -11.68 -19.00 15.32 -11.65 -18.97 0.04
24.73 -2.61 25.32 24.63 -2.51 25.29 0.14
30.13 0.12 18.01 30.05 0.15 17.95 0.10
-21.62 -8.56 -48.91 -21.62 -8.54 -48.93 0.03
-0.42 -18.78 -31.71 -0.45 -18.77 -31.70 0.04
28.30 6.94 23.33 28.40 6.95 23.36 0.10
-1.15 -21.53 -28.00 -1.11 -21.55 -28.00 0.04
-28.75 -30.01 -18.68 -28.71 -29.90 -18.74 0.13
-27.70 -23.49 -9.22 -27.71 -23.52 -9.16 0.06
-13.91 -26.10 -12.18 -13.91 -26.12 -12.15 0.04
-10.25 -25.02 -13.36 -10.27 -24.98 -13.39 0.05
-16.66 5.72 -41.83 -16.67 5.79 -41.92 0.12
-30.99 5.91 -38.40 -30.95 5.82 -38.36 0.11
-12.23 -20.99 -9.60 -12.17 -21.03 -9.53 0.10
11.46 -6.72 26.90 11.45 -6.65 26.90 0.07
-4.74 -20.42 -11.49 -4.73 -20.43 -11.48 0.01
-38.91 -8.34 -12.00 -38.91 -8.34 -12.01 0.01
-23.59 11.72 -21.44 -23.60 11.73 -21.44 0.01
-11.22 13.40 35.53 -11.21 13.41 35.52 0.01
-10.67 8.77 -28.41 -10.70 8.70 -28.40 0.07
19.85 14.19 58.26 19.83 14.18 58.25 0.02
-5.57 -3.27 35.96 -5.58 -3.27 35.96 0.00
22.47 3.98 47.86 22.47 3.98 47.86 0.01
-24.14 -3.30 -47.46 -24.15 -3.30 -47.49 0.03
5.04 -12.70 -22.86 5.01 -12.69 -22.84 0.04
-3.73 -3.35 -35.74 -3.57 -3.31 -35.73 0.17
-22.46 11.66 -20.17 -22.46 11.63 -20.19 0.03
-8.96 8.33 32.30 -8.97 8.33 32.30 0.01
7.02 -6.26 63.33 7.02 -6.26 63.33 0.01
-39.18 3.32 -26.81 -39.05 3.23 -26.80 0.16
33.13 7.28 13.93 33.15 7.29 13.95 0.02
9.87 25.63 11.28 9.88 25.68 11.29 0.05
23.87 1.19 -28.56 23.90 1.21 -28.51 0.06
-15.18 -12.73 -2.82 -15.18 -12.73 -2.82 0.00
-39.81 -14.79 -14.44 -39.80 -14.79 -14.44 0.00
7.60 -6.94 55.54 7.63 -7.19 55.53 0.26
28.46 -9.55 0.74 28.49 -9.64 0.77 0.10
0.46 -19.61 -24.93 0.41 -19.58 -24.91 0.06
14.71 22.89 26.79 14.72 22.96 26.80 0.07
-2.06 -5.65 61.56 -2.02 -5.59 61.57 0.07
-3.64 -23.18 -33.88 -3.67 -23.15 -33.86 0.05
13.77 -5.60 56.43 13.74 -5.55 56.42 0.06
-31.45 9.32 -22.86 -31.44 9.30 -22.86 0.02
7.33 -12.49 6.22 7.33 -12.53 6.22 0.04
-12.47 -0.55 11.36 -12.37 -0.54 11.33 0.11
-39.93 -10.93 -33.57 -39.91 -10.92 -33.57 0.02
3.61 22.14 31.73 3.62 22.27 31.76 0.13
22.56 -8.38 6.78 22.57 -8.42 6.79 0.05
-15.58 13.66 22.40 -15.69 13.62 22.41 0.12
12.86 -5.46 62.02 12.92 -5.54 62.10 0.13
-39.22 -22.52 -20.76 -39.16 -22.48 -20.77 0.07
-21.84 -29.66 -15.27 -21.85 -29.74 -15.22 0.10
1.95 17.23 1.56 2.08 17.13 1.63 0.17
-20.92 -11.28 -49.50 -20.91 -11.28 -49.54 0.04
-30.45 -27.56 -15.63 -30.46 -27.58 -15.62 0.02
-10.33 -21.55 -9.87 -10.33 -21.50 -9.93 0.08
17.49 25.30 -15.38 17.48 25.40 -15.38 0.10
16.75 -3.34 58.79 16.79 -3.38 58.80 0.06
14.75 16.53 62.90 14.75 16.53 62.90 0.00
-24.23 -10.86 -5.62 -24.21 -10.86 -5.65 0.04
-40.42 1.09 -23.41 -40.40 1.08 -23.41 0.03
6.24 21.81 -1.19 6.20 21.83 -1.21 0.05
33.56 17.30 5.38 33.53 17.27 5.38 0.04
28.31 -0.83 20.33 28.27 -0.81 20.31 0.05
8.78 6.76 -15.66 8.78 6.75 -15.63 0.04
-21.93 -4.99 -5.34 -21.96 -4.97 -5.29 0.07
-20.58 -29.28 -14.42 -20.59 -29.35 -14.38 0.08
-13.81 -31.43 -28.88 -13.84 -31.35 -28.87 0.09
-43.38 -4.68 -22.54 -43.29 -4.73 -22.55 0.10
-7.26 -9.91 6.44 -7.32 -10.04 6.48 0.15
14.74 21.44 45.25 14.79 21.54 45.25 0.11
38.11 4.38 -12.56 38.18 4.39 -12.60 0.07
13.13 23.85 -11.78 13.11 23.89 -11.80 0.05
5.56 24.10 20.64 5.56 23.93 20.62 0.18
-4.15 15.52 8.18 -4.07 15.42 8.27 0.16
28.52 10.40 -29.09 28.56 10.43 -29.14 0.06
-22.25 -25.42 -42.91 -22.23 -25.34 -42.84 0.10
11.09 19.75 -13.68 11.15 19.72 -13.66 0.07
-16.29 2.31 -3.41 -16.30 2.32 -3.41 0.01
30.25 19.94 -18.15 30.19 19.90 -18.14 0.07
-43.28 -13.08 -22.85 -43.37 -13.09 -22.83 0.10
-14.49 -27.99 -38.87 -14.49 -27.98 -38.87 0.00
7.74 19.99 54.89 7.64 20.28 54.93 0.32
2.39 -7.21 56.46 2.39 -7.21 56.46 0.01
-3.98 -21.77 -36.12 -4.02 -21.75 -36.10 0.05
18.76 20.81 34.00 18.75 20.79 34.00 0.02
27.13 11.90 24.08 27.12 11.90 24.08 0.01
-15.62 -24.83 -10.89 -15.62 -24.83 -10.89 0.01
21.60 12.29 50.41 21.64 12.30 50.41 0.04
-43.33 -9.70 -28.41 -43.27 -9.67 -28.37 0.08
30.93 2.62 -27.37 30.94 2.62 -27.37 0.01
12.79 -6.08 49.91 12.79 -6.10 49.91 0.02
19.56 21.76 -27.76 19.53 21.73 -27.70 0.08
11.47 21.21 -12.61 11.41 21.23 -12.64 0.07
2.40 -5.31 -25.78 2.40 -5.31 -25.77 0.00
27.95 17.29 -24.29 27.95 17.29 -24.29 0.00
16.14 18.04 59.60 16.09 17.97 59.59 0.08
-26.51 -18.75 -7.11 -26.52 -18.75 -7.05 0.06
23.54 7.65 45.16 23.39 7.64 45.14 0.15
-25.09 -2.75 -47.23 -25.07 -2.74 -47.20 0.04
-7.10 -23.29 -13.97 -7.11 -23.25 -14.00 0.05
25.77 -12.55 -5.30 25.81 -12.62 -5.28 0.08
34.53 1.24 -22.09 34.46 1.24 -22.04 0.09
24.81 24.07 -15.20 24.81 24.07 -15.20 0.00
28.86 10.61 -28.81 28.85 10.60 -28.79 0.02
-37.33 5.11 -25.16 -37.31 5.09 -25.16 0.03
-6.76 3.62 54.28 -6.77 3.62 54.28 0.01
-6.96 5.06 54.74 -6.98 5.06 54.74 0.02
16.36 25.74 -11.64 16.39 25.66 -11.62 0.09
-31.74 -9.05 -46.90 -31.75 -9.05 -46.92 0.02
-15.66 3.72 -7.09 -15.73 3.80 -7.05 0.11
28.02 22.52 0.70 27.98 22.48 0.69 0.05
11.73 0.09 -21.12 11.73 0.10 -21.13 0.02
-34.94 3.19 -14.88 -34.88 3.08 -14.98 0.16
-1.49 -10.30 15.78 -1.49 -10.34 15.79 0.05
-33.95 -13.50 -45.89 -33.96 -13.51 -45.91 0.02
18.29 -6.40 -23.17 18.31 -6.40 -23.15 0.02
-22.46 -27.17 -11.73 -22.45 -27.17 -11.74 0.01
-40.26 -14.43 -14.89 -40.20 -14.42 -14.93 0.07
-37.75 -11.86 -42.25 -37.81 -11.85 -42.30 0.08
-21.53 8.53 -38.41 -21.52 8.41 -38.34 0.14
-15.65 9.61 -36.16 -15.62 9.67 -36.18 0.07
-21.52 -3.38 -47.40 -21.54 -3.36 -47.44 0.04
-25.86 -26.18 -10.99 -25.86 -26.19 -10.98 0.02
-9.11 17.13 39.09 -9.09 17.13 39.07 0.03
34.59 -5.88 -14.09 34.51 -5.83 -14.09 0.09
-5.42 12.07 59.85 -5.25 11.95 59.83 0.21
-7.61 -6.54 17.64 -7.55 -6.49 17.62 0.07
-29.53 -13.02 -6.05 -29.53 -13.02 -6.06 0.01
31.01 18.44 10.11 30.94 18.36 10.03 0.13
9.44 20.43 -9.43 9.46 20.43 -9.42 0.02
21.74 -12.54 -1.56 21.67 -12.42 -1.63 0.15
-26.00 -28.93 -14.94 -26.02 -28.99 -14.92 0.07
-18.41 -7.76 -2.40 -18.43 -7.76 -2.37 0.03
35.04 3.75 12.12 35.07 3.75 12.14 0.03
3.16 18.61 60.84 3.22 18.46 60.83 0.16
13.97 -0.02 62.99 13.97 -0.02 63.00 0.01
-9.94 -29.74 -25.25 -9.96 -29.68 -25.25 0.06
-23.80 -12.43 -48.78 -23.79 -12.42 -48.75 0.03
-4.04 -23.05 -16.76 -4.08 -22.97 -16.80 0.09
-12.89 -23.49 -10.74 -12.81 -23.59 -10.67 0.14
-23.38 -25.21 -9.96 -23.37 -25.20 -9.97 0.01
33.80 14.55 9.93 33.74 14.50 9.89 0.09
-9.08 -20.57 -43.26 -9.10 -20.56 -43.24 0.03
-20.16 -3.59 -3.89 -20.16 -3.59 -3.89 0.00
18.24 -7.92 13.24 18.21 -7.75 13.18 0.18
10.31 21.76 40.92 10.32 21.72 40.91 0.05
22.44 25.48 0.43 22.43 25.45 0.42 0.03
24.04 -14.01 -6.46 23.95 -13.87 -6.50 0.18
-43.24 -13.98 -22.89 -43.23 -13.98 -22.90 0.01
20.33 -1.90 43.68 20.43 -2.02 43.71 0.16
16.54 9.90 -23.74 16.49 9.89 -23.75 0.05
-32.37 -22.73 -10.89 -32.32 -22.65 -10.96 0.12
33.37 16.87 6.56 33.43 16.92 6.59 0.08
-5.48 23.50 33.17 -5.51 23.42 33.13 0.09
-11.23 21.41 34.14 -11.26 21.47 34.18 0.07
17.08 7.55 63.12 17.08 7.55 63.13 0.02
7.27 12.08 63.19 7.27 12.09 63.22 0.03
29.30 -10.04 -5.00 29.29 -10.03 -5.00 0.01
10.41 -3.40 63.36 10.41 -3.40 63.35 0.01
32.56 16.89 -16.32 32.56 16.89 -16.32 0.00
-29.43 -29.77 -18.87 -29.42 -29.75 -18.88 0.02
-39.44 2.40 -29.51 -39.47 2.42 -29.51 0.04
-2.86 8.87 -13.52 -2.86 8.88 -13.52 0.02
-12.48 5.17 1.32 -12.54 5.24 1.32 0.09
3.45 22.72 8.08 3.39 22.79 8.05 0.10
36.64 1.42 -16.37 36.66 1.43 -16.38 0.02
-9.93 25.06 25.12 -9.89 24.93 25.12 0.14
3.12 -18.01 -13.60 3.14 -18.04 -13.60 0.04
15.73 -5.96 28.70 15.75 -6.12 28.71 0.16
-42.70 -17.03 -25.97 -42.66 -17.01 -25.97 0.05
30.08 20.06 7.93 30.19 20.17 7.95 0.15
-11.77 7.92 -35.59 -11.76 7.96 -35.60 0.04
21.56 -7.53 10.93 21.57 -7.56 10.94 0.04
-15.39 14.91 31.10 -15.36 14.92 31.08 0.04
3.86 21.23 2.63 3.88 21.22 2.63 0.02
28.48 -11.95 -14.65 28.50 -11.99 -14.65 0.05
19.23 24.72 10.92 19.22 24.67 10.92 0.05
-27.44 -29.37 -36.36 -27.44 -29.39 -36.37 0.02
-1.24 23.38 30.39 -1.24 23.38 30.39 0.00
-11.85 -18.24 -45.35 -11.87 -18.23 -45.32 0.04
21.17 4.94 58.73 21.19 4.93 58.73 0.01
-38.85 -1.94 -37.71 -38.92 -1.91 -37.75 0.09
-0.37 -14.61 -34.55 -0.41 -14.61 -34.54 0.04
15.12 19.46 54.70 15.12 19.47 54.70 0.01
-20.31 -9.93 -49.16 -20.32 -9.92 -49.18 0.03
39.33 2.49 3.96 39.41 2.47 3.97 0.08
1.38 -3.98 63.45 1.38 -3.98 63.45 0.01
