200 PA4-E-Debug-Output.txt
-1.52 23.97 21.65 -1.51 24.11 21.65 0.15
-16.94 6.21 -13.17 -16.92 6.17 -13.22 0.07
6.57 16.61 -5.97 6.53 16.64 -6.00 0.06
11.12 -6.57 56.97 11.12 -6.57 56.97 0.00
5.12 7.50 63.36 5.11 7.50 63.33 0.02
32.25 13.86 12.46 32.22 13.84 12.44 0.04
5.13 15.56 63.14 5.13 15.56 63.14 0.00
4.24 -7.12 39.31 4.25 -7.03 39.31 0.10
31.04 16.72 11.56 31.02 16.70 11.54 0.03
11.68 21.96 36.21 11.68 21.95 36.21 0.01
-14.73 13.52 19.92 -14.74 13.51 19.91 0.03
-4.54 13.32 5.65 -4.49 13.26 5.68 0.09
-31.41 -29.64 -31.78 -31.38 -29.58 -31.77 0.08
-10.89 23.10 19.99 -10.91 23.15 19.96 0.06
-2.85 15.04 57.42 -2.91 15.11 57.43 0.09
16.90 -3.76 52.29 16.99 -3.87 52.30 0.14
-8.82 -22.84 -11.96 -8.79 -22.89 -11.93 0.07
-34.53 -27.53 -21.46 -34.49 -27.49 -21.47 0.06
-28.81 -17.59 -7.38 -28.81 -17.59 -7.37 0.01
7.63 22.64 -3.77 7.72 22.57 -3.74 0.11
-0.18 -8.16 26.28 -0.19 -8.31 26.32 0.16
17.67 18.94 46.17 17.71 18.98 46.19 0.06
-38.24 -17.01 -13.22 -38.27 -17.02 -13.20 0.04
-2.58 -20.05 -35.89 -2.64 -20.02 -35.85 0.07
-33.69 -27.35 -34.41 -33.64 -27.27 -34.37 0.10
26.72 -1.41 -28.47 26.73 -1.39 -28.42 0.06
14.16 22.57 32.44 14.16 22.55 32.44 0.02
20.20 23.50 14.63 20.22 23.56 14.64 0.07
30.44 19.61 -17.56 30.51 19.65 -17.58 0.08
3.43 -16.96 -8.59 3.43 -16.94 -8.60 0.02
-0.82 -19.89 -31.56 -0.82 -19.89 -31.56 0.00
29.62 21.23 -5.14 29.58 21.18 -5.15 0.07
37.06 10.59 8.11 36.97 10.57 8.04 0.12
-1.92 -7.83 28.93 -1.89 -7.64 28.89 0.20
34.79 15.74 -8.83 34.83 15.77 -8.83 0.05
13.06 -5.91 56.20 13.08 -5.94 56.20 0.04
15.29 25.62 11.40 15.29 25.60 11.39 0.03
-7.64 -7.81 12.77 -7.61 -7.78 12.77 0.04
-6.17 -21.15 -11.53 -6.17 -21.16 -11.53 0.01
39.66 1.90 -4.29 39.72 1.86 -4.29 0.07
-39.95 -20.03 -18.16 -39.91 -20.01 -18.18 0.04
-3.21 -20.65 -13.23 -3.23 -20.61 -13.24 0.04
31.16 -5.12 11.65 31.17 -5.15 11.66 0.03
-3.49 -22.42 -34.61 -3.43 -22.45 -34.66 0.08
30.26 12.03 16.60 30.24 12.02 16.59 0.02
2.75 8.66 -15.00 2.75 8.62 -14.98 0.05
-17.56 -13.36 -48.76 -17.58 -13.36 -48.69 0.07
-28.13 -12.24 -47.95 -28.11 -12.24 -47.91 0.05
-10.47 -9.59 4.08 -10.49 -9.65 4.11 0.08
18.19 -15.87 -15.35 18.20 -15.83 -15.33 0.04
2.03 -6.95 53.01 2.03 -6.92 53.01 0.03
-44.20 -6.65 -24.97 -43.97 -6.70 -24.92 0.24
12.02 -13.45 -17.38 12.00 -13.41 -17.34 0.05
-1.32 18.48 46.95 -1.25 18.34 46.92 0.15
-11.35 -9.88 2.92 -11.35 -9.89 2.93 0.02
15.97 24.64 -18.68 15.97 24.64 -18.68 0.00
-7.55 21.85 35.87 -7.55 21.85 35.87 0.01
15.31 7.67 63.17 15.31 7.67 63.15 0.02
-6.46 -21.31 -39.96 -6.51 -21.27 -39.92 0.06
-7.67 17.91 13.69 -7.67 17.91 13.70 0.00
17.32 17.19 59.59 17.25 17.12 59.58 0.09
-10.85 -10.68 -47.08 -10.85 -10.68 -47.08 0.01
29.67 3.67 20.34 29.59 3.68 20.30 0.09
18.53 -12.42 1.00 18.56 -12.46 1.02 0.05
-31.02 6.07 -38.33 -30.93 5.88 -38.25 0.22
-36.17 -25.24 -18.75 -36.17 -25.24 -18.76 0.00
21.57 25.49 -6.89 21.58 25.51 -6.89 0.02
21.05 1.44 52.14 21.13 1.41 52.16 0.09
22.35 23.51 11.85 22.31 23.40 11.83 0.11
-5.88 -4.68 28.10 -5.98 -4.77 28.10 0.13
-0.41 17.46 53.42 -0.45 17.53 53.42 0.08
1.46 -6.84 52.94 1.46 -6.84 52.94 0.00
19.81 -16.34 -5.55 19.81 -16.35 -5.55 0.01
1.02 -11.66 7.86 1.01 -11.68 7.86 0.02
-0.44 -6.07 44.96 -0.47 -6.14 44.96 0.08
7.96 19.63 60.62 7.94 19.53 60.54 0.13
11.83 -7.82 18.00 11.82 -7.82 18.00 0.00
7.88 -7.54 21.50 7.94 -7.74 21.53 0.22
-38.71 2.75 -31.69 -38.62 2.66 -31.65 0.14
-39.29 -18.43 -35.72 -39.32 -18.43 -35.73 0.02
0.14 -6.66 60.34 0.16 -6.61 60.35 0.05
-22.80 9.73 -18.29 -22.80 9.73 -18.29 0.00
34.59 -4.81 5.10 34.64 -4.86 5.10 0.07
19.20 -10.66 -20.92 19.21 -10.65 -20.90 0.03
-40.95 -3.23 -17.19 -40.95 -3.23 -17.19 0.01
12.63 22.13 -18.21 12.63 22.13 -18.21 0.00
-21.38 -4.81 -48.16 -21.36 -4.83 -48.10 0.07
19.02 16.50 51.68 18.99 16.47 51.68 0.04
-37.11 -6.66 -42.27 -37.11 -6.66 -42.28 0.00
-6.05 -10.68 6.28 -6.07 -10.72 6.30 0.05
3.74 -13.07 -24.41 3.71 -13.06 -24.39 0.04
-15.50 -1.08 3.51 -15.51 -1.08 3.52 0.01
38.77 6.13 7.40 38.76 6.12 7.39 0.01
-28.64 7.70 -36.47 -28.66 7.75 -36.49 0.06
-27.82 -18.57 -46.66 -27.82 -18.57 -46.65 0.01
-19.72 -22.43 -8.14 -19.73 -22.40 -8.17 0.05
36.95 13.20 2.87 37.00 13.24 2.87 0.06
7.45 -15.25 -17.18 7.48 -15.31 -17.21 0.08
-7.09 -6.35 20.15 -7.12 -6.38 20.15 0.05
17.80 17.47 -30.56 17.80 17.48 -30.59 0.03
30.34 13.73 -25.04 30.30 13.70 -25.01 0.06
26.70 23.02 -10.37 26.81 23.18 -10.39 0.19
-29.60 9.74 -21.43 -29.61 9.77 -21.42 0.03
-5.42 8.73 62.30 -5.42 8.74 62.31 0.01
33.98 8.89 11.93 34.11 8.92 12.02 0.16
33.84 -6.65 -14.17 33.91 -6.70 -14.17 0.09
-12.46 -27.60 -15.93 -12.46 -27.64 -15.91 0.04
-7.61 -26.43 -18.58 -7.50 -26.53 -18.51 0.17
-5.30 24.68 22.76 -5.31 24.62 22.77 0.06
-16.16 0.86 -45.68 -16.14 0.89 -45.71 0.05
-18.12 -2.54 -0.82 -18.08 -2.55 -0.84 0.05
-1.46 -4.39 -29.75 -1.49 -4.40 -29.73 0.04
-2.86 -4.59 60.95 -2.99 -4.71 60.95 0.18
-7.45 -5.78 19.33 -7.59 -5.89 19.35 0.19
-27.35 -31.56 -21.56 -27.34 -31.53 -21.57 0.03
-19.68 -29.28 -38.68 -19.67 -29.33 -38.71 0.06
7.87 20.56 45.11 7.85 20.67 45.12 0.11
34.88 15.64 -10.73 34.90 15.65 -10.74 0.02
-31.35 -8.38 -7.29 -31.34 -8.38 -7.29 0.01
-41.77 -3.24 -18.32 -41.79 -3.23 -18.30 0.03
-1.83 -17.30 -7.63 -1.82 -17.32 -7.61 0.02
1.17 -7.16 56.40 1.24 -6.95 56.40 0.22
-12.28 5.74 -2.89 -12.27 5.73 -2.89 0.01
-16.05 -31.76 -22.97 -16.04 -31.78 -22.97 0.01
22.92 17.29 28.85 23.01 17.35 28.87 0.11
-0.12 -6.60 39.60 -0.09 -6.54 39.60 0.06
9.68 -6.80 28.09 9.68 -6.84 28.09 0.05
35.87 14.22 -3.34 35.90 14.25 -3.34 0.04
21.04 10.81 59.72 21.01 10.80 59.72 0.03
-6.37 10.56 46.88 -6.50 10.58 46.89 0.13
-11.94 23.08 30.42 -11.99 23.15 30.46 0.09
-17.53 -30.64 -35.51 -17.53 -30.66 -35.52 0.02
-0.32 -14.97 -34.58 -0.39 -14.97 -34.57 0.06
-30.49 6.85 -36.74 -30.51 6.88 -36.75 0.04
14.26 19.48 58.55 14.25 19.48 58.55 0.01
-25.94 -4.08 -47.37 -25.93 -4.07 -47.39 0.03
-5.89 0.61 50.24 -6.11 0.53 50.24 0.22
-8.51 15.82 13.42 -8.52 15.82 13.41 0.02
20.51 -16.62 -6.49 20.44 -16.45 -6.56 0.20
36.21 13.14 -10.15 36.26 13.17 -10.18 0.07
-1.92 -17.89 -36.49 -1.93 -17.89 -36.48 0.01
30.74 4.57 -27.99 30.75 4.58 -28.02 0.03
11.21 -6.55 52.46 11.20 -6.51 52.47 0.04
18.16 14.18 62.37 18.16 14.18 62.37 0.00
28.18 0.30 21.45 28.20 0.30 21.45 0.02
25.52 23.64 3.76 25.56 23.71 3.77 0.09
4.02 -2.55 63.42 4.02 -2.56 63.36 0.06
-1.04 -16.46 -35.83 -1.08 -16.45 -35.81 0.05
6.23 -4.37 -23.13 6.23 -4.37 -23.13 0.01
-13.05 -6.66 -47.74 -13.05 -6.66 -47.73 0.01
6.49 6.60 63.15 6.49 6.60 63.16 0.01
10.60 24.79 14.94 10.60 24.90 14.95 0.10
-22.84 -11.41 -48.77 -22.82 -11.43 -48.81 0.05
16.77 -4.66 49.20 16.58 -4.44 49.19 0.30
-11.23 22.73 19.27 -11.19 22.61 19.35 0.14
3.07 -7.26 56.01 3.07 -7.27 56.01 0.01
-14.54 -23.72 -43.41 -14.54 -23.74 -43.43 0.02
-6.36 15.53 43.22 -6.51 15.57 43.28 0.17
-23.40 6.61 -40.91 -23.41 6.58 -40.87 0.05
-7.83 -11.35 -45.03 -7.82 -11.35 -45.05 0.02
-14.13 8.71 -37.00 -14.16 8.65 -36.98 0.06
25.96 -12.14 -3.86 25.96 -12.14 -3.86 0.00
-15.28 3.24 -4.48 -15.29 3.25 -4.48 0.01
16.83 19.36 48.39 16.72 19.25 48.38 0.16
-20.16 10.95 -34.97 -20.17 10.90 -34.93 0.07
-2.89 -22.06 -16.94 -2.89 -22.05 -16.94 0.00
-10.37 24.81 25.05 -10.37 24.80 25.05 0.02
10.27 -6.71 54.94 10.29 -6.79 54.94 0.08
-25.47 5.61 -41.15 -25.48 5.63 -41.18 0.03
37.32 11.32 -8.40 37.33 11.32 -8.40 0.01
14.06 22.38 33.92 14.06 22.42 33.92 0.04
0.41 -14.46 -29.52 0.43 -14.46 -29.53 0.02
12.19 3.02 -19.35 12.20 2.96 -19.27 0.10
-0.34 23.73 26.20 -0.34 23.81 26.21 0.08
35.87 6.67 -18.51 35.92 6.69 -18.53 0.06
-2.33 -23.53 -28.58 -2.43 -23.44 -28.55 0.14
-5.82 -19.23 -9.63 -5.83 -19.20 -9.66 0.05
26.12 23.52 -8.05 26.15 23.60 -8.05 0.09
14.78 27.05 -0.13 14.78 27.02 -0.13 0.03
5.91 -14.38 -21.28 5.83 -14.30 -21.23 0.12
28.02 -10.93 -8.79 27.99 -10.89 -8.80 0.05
-10.50 9.76 32.16 -10.44 9.82 32.14 0.08
-1.58 22.50 33.86 -1.60 22.39 33.82 0.12
9.67 13.50 -10.20 9.66 13.51 -10.23 0.03
-7.11 -23.84 -14.83 -7.11 -23.85 -14.82 0.01
-6.25 -27.31 -25.10 -6.27 -27.28 -25.10 0.04
34.83 14.14 -14.50 34.83 14.14 -14.49 0.00
0.23 -4.76 63.45 0.23 -4.75 63.47 0.02
12.31 -11.02 -19.73 12.34 -11.10 -19.81 0.11
4.10 24.24 12.03 4.10 24.24 12.03 0.00
-6.82 7.68 57.28 -6.87 7.69 57.28 0.05
31.77 14.79 12.19 31.81 14.81 12.22 0.05
-8.24 10.91 7.85 -8.17 10.84 7.87 0.11
-3.74 10.37 -3.61 -3.77 10.44 -3.63 0.08
19.55 17.44 -30.49 19.53 17.42 -30.46 0.04
21.04 -13.13 -19.44 21.05 -13.10 -19.44 0.03
-6.96 -21.68 -11.38 -7.02 -21.55 -11.45 0.16
-35.81 -22.10 -14.01 -35.84 -22.13 -13.98 0.05
25.69 -6.77 11.16 25.69 -6.71 11.14 0.07
16.92 -3.62 56.73 16.82 -3.52 56.72 0.14
