200 PA4-K-Unknown-Output.txt
-30.55 9.03 -20.13 -30.56 9.06 -20.12 0.04
-9.09 3.55 25.65 -9.00 3.57 25.62 0.10
34.05 -6.45 -12.95 34.07 -6.47 -12.95 0.03
-7.67 5.63 -30.39 -7.68 5.63 -30.38 0.01
-9.15 4.26 25.44 -9.20 4.25 25.46 0.05
14.98 -7.51 16.65 14.98 -7.52 16.65 0.01
-1.76 -6.31 -31.17 -1.72 -6.30 -31.19 0.04
-2.97 -6.04 36.20 -2.94 -5.95 36.18 0.10
19.31 -10.61 -21.06 19.32 -10.60 -21.05 0.01
12.58 24.93 13.93 12.55 25.21 14.00 0.29
-31.14 5.71 -38.32 -31.15 5.73 -38.33 0.03
-23.56 -10.62 -5.23 -23.59 -10.62 -5.19 0.05
-11.60 -30.10 -31.24 -11.63 -30.05 -31.23 0.06
-7.84 -27.36 -32.40 -7.78 -27.46 -32.42 0.11
-14.50 11.10 -22.87 -14.50 11.08 -22.88 0.02
9.34 -14.35 1.82 9.35 -14.27 1.79 0.08
16.46 25.95 -9.82 16.45 25.98 -9.83 0.03
31.70 -8.29 -11.08 31.68 -8.27 -11.09 0.03
18.48 -1.59 58.06 18.47 -1.58 58.06 0.02
31.99 -6.88 6.37 31.98 -6.86 6.36 0.02
-4.19 16.30 46.22 -4.24 16.33 46.24 0.06
26.64 3.11 -30.03 26.65 3.11 -30.03 0.01
12.31 -16.88 -8.40 12.31 -16.89 -8.40 0.01
-31.55 8.95 -21.93 -31.55 8.95 -21.93 0.00
-2.16 -19.11 -35.93 -2.11 -19.12 -35.96 0.07
14.14 -12.23 4.85 14.14 -12.24 4.85 0.01
-28.36 -30.30 -33.71 -28.39 -30.37 -33.74 0.09
27.94 -8.18 6.27 27.92 -8.06 6.23 0.13
12.33 25.50 13.14 12.34 25.41 13.12 0.10
23.02 12.97 40.85 22.95 12.94 40.84 0.07
-16.15 15.24 20.79 -16.05 15.26 20.86 0.12
-19.20 11.98 -22.70 -19.20 11.93 -22.70 0.05
24.85 16.39 -27.69 24.87 16.42 -27.75 0.07
-4.06 13.73 5.55 -4.03 13.71 5.56 0.04
-12.91 -23.82 -10.77 -12.93 -23.79 -10.79 0.03
9.03 13.61 -9.80 9.03 13.61 -9.81 0.02
3.66 22.87 8.43 3.54 23.03 8.38 0.20
-5.31 0.72 -35.84 -5.36 0.69 -35.83 0.05
19.63 -11.59 -20.59 19.71 -11.53 -20.53 0.12
14.29 26.29 8.66 14.30 26.40 8.68 0.11
21.61 -4.04 27.54 21.70 -4.16 27.58 0.16
19.53 7.92 62.60 19.54 7.91 62.63 0.03
21.23 21.60 -26.80 21.18 21.54 -26.74 0.10
32.70 4.18 15.17 32.70 4.18 15.17 0.00
-10.59 6.63 -5.88 -10.66 6.74 -5.86 0.14
-4.27 24.70 25.61 -4.28 24.63 25.61 0.07
1.34 -2.60 -25.69 1.30 -2.62 -25.65 0.06
-31.22 4.05 -39.89 -31.28 4.12 -39.96 0.12
9.11 -13.00 -19.29 9.14 -13.05 -19.32 0.07
20.27 1.59 59.53 20.25 1.59 59.53 0.02
2.74 -3.36 63.40 2.74 -3.36 63.40 0.00
-17.68 11.28 -21.82 -17.71 11.21 -21.85 0.08
-34.84 3.91 -15.66 -34.84 3.90 -15.67 0.01
31.42 18.61 -15.40 31.48 18.64 -15.41 0.06
-32.57 -14.06 -7.34 -32.52 -14.03 -7.42 0.10
14.57 6.15 63.07 14.57 6.15 63.05 0.02
25.85 3.83 31.35 25.93 3.83 31.37 0.09
0.67 3.19 -22.62 0.72 3.23 -22.67 0.07
-36.31 4.51 -32.49 -36.34 4.55 -32.50 0.05
-41.03 -9.05 -14.81 -41.00 -9.05 -14.84 0.04
29.17 -11.03 -12.01 29.09 -10.93 -12.04 0.13
-37.14 -16.91 -11.36 -37.09 -16.89 -11.41 0.07
10.70 -3.25 -21.94 10.70 -3.25 -21.94 0.00
31.83 -6.54 -22.05 31.91 -6.63 -22.11 0.13
-2.31 -10.39 13.64 -2.33 -10.47 13.65 0.08
-8.12 24.78 22.89 -8.12 24.71 22.92 0.08
8.53 -7.09 58.01 8.54 -7.17 58.01 0.08
10.38 1.13 63.20 10.38 1.13 63.19 0.01
24.37 19.80 18.63 24.35 19.79 18.62 0.03
-3.03 -5.26 43.14 -3.00 -5.23 43.14 0.04
-10.37 10.85 13.42 -10.41 10.86 13.41 0.04
-15.73 13.83 25.82 -15.57 13.89 25.83 0.17
-27.63 -14.86 -6.58 -27.63 -14.84 -6.62 0.05
27.49 2.70 -30.42 27.50 2.70 -30.39 0.03
8.23 -15.93 -14.61 8.20 -15.88 -14.59 0.06
-10.66 -26.87 -38.00 -10.68 -26.84 -37.98 0.04
10.69 -3.79 63.29 10.69 -3.79 63.34 0.05
19.50 14.51 -31.22 19.50 14.51 -31.25 0.03
11.92 -16.79 -6.42 11.86 -16.94 -6.43 0.15
-11.95 1.59 12.91 -12.06 1.58 12.92 0.12
-19.53 -20.82 -46.66 -19.52 -20.85 -46.73 0.08
35.76 10.43 -15.66 35.76 10.44 -15.66 0.01
18.80 26.54 -4.62 18.80 26.53 -4.62 0.01
11.45 20.74 -13.70 11.56 20.70 -13.67 0.12
-7.00 8.30 -10.43 -7.03 8.39 -10.42 0.10
-6.03 -25.57 -33.28 -6.06 -25.54 -33.26 0.05
14.56 13.05 -22.36 14.46 12.98 -22.33 0.12
-1.65 -7.01 32.14 -1.65 -7.01 32.14 0.00
38.10 0.60 -13.05 38.14 0.60 -13.06 0.04
20.45 -12.10 -20.91 20.44 -12.10 -20.91 0.02
11.70 21.62 -12.72 11.62 21.65 -12.75 0.10
-20.58 -15.88 -5.92 -20.59 -15.89 -5.88 0.04
1.03 19.47 45.56 1.04 19.44 45.56 0.04
9.72 -5.57 63.38 9.72 -5.57 63.39 0.01
9.12 -6.64 34.77 9.11 -6.60 34.77 0.04
-14.29 -23.87 -43.51 -14.31 -23.74 -43.39 0.17
-6.03 5.29 -26.87 -6.03 5.28 -26.87 0.01
21.63 17.61 -29.00 21.67 17.66 -29.06 0.08
-11.96 9.75 20.21 -12.14 9.71 20.20 0.18
23.33 11.64 40.99 23.35 11.65 40.99 0.02
14.17 19.09 60.30 14.24 19.18 60.31 0.11
-15.02 0.90 3.55 -15.03 0.91 3.56 0.01
-28.04 0.83 -12.40 -28.03 0.79 -12.51 0.11
25.29 1.56 -29.58 25.33 1.63 -29.44 0.16
-24.50 -32.78 -24.87 -24.48 -32.66 -24.87 0.12
-4.33 -25.89 -26.26 -4.26 -25.99 -26.27 0.12
13.80 23.36 -16.76 13.81 23.35 -16.76 0.02
2.92 18.49 58.27 2.92 18.49 58.27 0.00
16.20 -7.92 14.05 16.20 -7.93 14.06 0.01
-4.58 -25.96 -27.55 -4.55 -26.00 -27.56 0.04
18.10 -8.64 -22.30 18.09 -8.66 -22.32 0.02
-34.80 -27.65 -26.64 -34.89 -27.76 -26.65 0.14
-43.04 -4.98 -20.32 -43.04 -4.98 -20.32 0.00
2.99 2.14 -21.92 3.00 2.15 -21.94 0.02
-26.93 6.98 -15.63 -26.93 6.97 -15.65 0.03
32.87 17.72 -13.23 32.84 17.69 -13.23 0.04
11.25 17.82 -12.52 11.31 17.84 -12.51 0.06
8.81 23.82 -3.99 8.84 23.79 -3.97 0.04
34.94 15.68 -0.49 34.92 15.66 -0.48 0.03
-9.00 -26.93 -36.09 -9.04 -26.88 -36.06 0.07
14.88 -4.79 57.21 14.90 -4.82 57.22 0.03
4.97 21.76 33.38 4.97 21.82 33.39 0.07
38.26 2.02 8.33 38.27 2.02 8.34 0.00
-3.07 -4.61 56.20 -3.06 -4.60 56.20 0.02
-7.26 -23.90 -14.62 -7.30 -23.83 -14.67 0.10
-10.76 8.66 11.89 -10.85 8.71 11.86 0.10
4.16 12.71 63.15 4.16 12.71 63.18 0.03
-8.70 25.18 27.53 -8.71 25.09 27.50 0.10
-41.32 -18.35 -29.55 -41.33 -18.35 -29.56 0.01
28.15 -0.83 20.86 28.03 -0.78 20.81 0.14
-12.04 10.43 -24.18 -12.09 10.35 -24.17 0.09
8.38 22.30 31.23 8.37 22.39 31.24 0.09
11.75 24.55 -8.47 11.85 24.45 -8.43 0.14
8.33 25.66 6.68 8.27 25.82 6.71 0.17
12.96 19.97 60.52 13.04 20.07 60.55 0.13
20.84 9.23 61.71 20.87 9.23 61.72 0.03
2.44 23.76 23.67 2.44 23.74 23.67 0.02
-38.61 -20.99 -16.45 -38.46 -20.90 -16.56 0.20
-15.34 11.29 -29.59 -15.38 11.20 -29.58 0.09
-4.23 17.08 45.48 -4.27 17.10 45.50 0.05
28.95 -5.16 12.79 28.98 -5.26 12.85 0.12
-9.07 22.78 18.38 -9.05 22.71 18.44 0.09
-16.78 1.49 -1.39 -16.70 1.43 -1.41 0.11
-28.04 -14.14 -47.52 -28.07 -14.15 -47.59 0.08
-31.45 -28.05 -35.59 -31.47 -28.08 -35.60 0.03
-23.23 11.86 -21.47 -23.23 11.78 -21.48 0.08
20.13 -9.88 4.62 20.14 -9.90 4.63 0.03
-44.25 -8.65 -25.05 -44.37 -8.66 -25.08 0.12
-8.28 -18.51 -7.58 -8.28 -18.52 -7.57 0.02
-13.74 -28.72 -37.38 -13.75 -28.68 -37.36 0.05
22.00 -5.83 17.06 22.02 -5.91 17.08 0.08
11.30 -4.25 63.31 11.30 -4.25 63.33 0.02
1.78 -16.95 -24.49 1.82 -16.97 -24.51 0.05
-3.81 -23.51 -18.73 -3.82 -23.49 -18.73 0.02
30.07 9.61 18.55 30.07 9.61 18.55 0.01
-28.76 -29.35 -35.33 -28.80 -29.47 -35.41 0.15
-39.89 -14.69 -35.15 -39.93 -14.70 -35.15 0.04
17.30 20.40 -29.58 17.29 20.39 -29.56 0.02
-11.49 -3.01 -45.76 -11.53 -3.04 -45.71 0.06
19.79 21.38 26.22 19.79 21.38 26.22 0.00
-34.70 -1.17 -42.44 -34.66 -1.22 -42.37 0.09
-34.59 5.11 -17.51 -34.62 5.13 -17.50 0.04
-26.53 -4.77 -47.83 -26.52 -4.75 -47.88 0.05
-0.83 11.48 -5.53 -0.77 11.41 -5.50 0.09
9.38 -9.66 -22.13 9.38 -9.66 -22.14 0.01
-40.39 1.03 -27.14 -40.49 1.10 -27.15 0.13
9.60 9.87 -12.71 9.60 9.93 -12.76 0.07
-26.20 -10.46 -48.40 -26.20 -10.46 -48.40 0.00
-26.58 11.42 -25.23 -26.62 11.53 -25.22 0.13
-7.08 -20.41 -10.14 -7.08 -20.41 -10.14 0.00
-12.92 4.81 2.05 -12.94 4.85 2.05 0.05
8.74 22.99 -5.49 8.79 22.96 -5.46 0.07
14.20 -15.95 -13.24 14.23 -15.82 -13.19 0.15
-29.73 -12.11 -47.25 -29.75 -12.11 -47.30 0.06
-6.55 2.99 56.23 -6.73 2.97 56.22 0.18
16.64 -5.03 45.38 16.53 -4.85 45.36 0.22
-26.29 -19.36 -7.11 -26.31 -19.36 -6.99 0.12
-10.56 6.96 23.71 -10.58 6.96 23.72 0.02
11.44 19.66 -22.65 11.51 19.63 -22.66 0.07
-23.21 1.31 -11.05 -23.13 1.23 -11.14 0.14
-16.59 -31.63 -22.59 -16.53 -31.83 -22.55 0.21
21.91 10.32 56.01 21.63 10.27 55.98 0.29
-1.82 -5.79 41.08 -1.82 -5.78 41.08 0.01
-6.34 10.13 53.35 -6.18 10.08 53.35 0.16
24.50 -11.36 -1.64 24.50 -11.34 -1.65 0.03
9.28 23.69 -5.11 9.27 23.70 -5.12 0.02
-13.05 10.70 -25.23 -13.02 10.74 -25.23 0.05
23.00 22.80 12.70 23.05 22.93 12.73 0.14
13.35 22.17 38.59 13.34 22.22 38.59 0.05
11.19 25.34 13.41 11.20 25.24 13.38 0.11
10.94 23.58 23.90 10.94 23.51 23.88 0.08
18.20 23.96 14.73 18.25 24.12 14.76 0.16
24.24 -14.76 -14.44 24.31 -14.87 -14.44 0.13
-7.17 -1.30 30.11 -7.18 -1.30 30.11 0.01
21.14 -11.59 -21.35 21.14 -11.59 -21.34 0.01
2.67 -18.01 -11.68 2.67 -18.00 -11.69 0.01
-12.57 4.72 11.25 -12.46 4.70 11.24 0.11
-40.09 1.71 -28.58 -40.04 1.68 -28.57 0.06
-0.96 12.21 -3.15 -1.00 12.27 -3.18 0.08
4.80 4.68 63.36 4.80 4.68 63.39 0.03
