200 PA4-B-Debug-Output.txt
6.68 -4.80 63.41 6.68 -4.80 63.42 0.00
-37.19 -17.18 -41.07 -37.19 -17.18 -41.07 0.00
28.11 19.28 12.82 28.11 19.28 12.82 0.00
-32.91 -28.13 -19.43 -32.91 -28.13 -19.43 0.00
23.57 -3.58 -26.38 23.57 -3.58 -26.38 0.00
18.21 23.92 15.84 18.21 23.91 15.84 0.01
-4.34 -10.85 7.34 -4.34 -10.85 7.34 0.00
-27.49 11.10 -23.71 -27.50 11.10 -23.71 0.00
-9.97 16.46 14.88 -9.97 16.46 14.88 0.00
-28.20 -31.23 -30.93 -28.20 -31.23 -30.93 0.00
38.71 4.37 -11.65 38.71 4.37 -11.66 0.00
34.63 -2.52 -20.19 34.64 -2.52 -20.19 0.01
37.33 -1.85 4.61 37.35 -1.86 4.61 0.01
-31.24 -29.71 -31.44 -31.24 -29.71 -31.44 0.00
22.01 25.57 -4.66 22.01 25.56 -4.66 0.01
-6.89 -1.90 31.30 -6.89 -1.90 31.30 0.00
-4.36 -9.64 13.64 -4.36 -9.64 13.64 0.00
-8.43 21.78 35.56 -8.43 21.78 35.56 0.00
-21.74 -5.93 -4.67 -21.74 -5.93 -4.67 0.00
-20.98 -29.50 -14.68 -20.98 -29.50 -14.69 0.00
-30.48 8.58 -32.77 -30.48 8.58 -32.77 0.00
-1.14 18.44 46.66 -1.14 18.45 46.67 0.01
8.90 -6.80 -21.85 8.89 -6.80 -21.85 0.00
-26.11 -22.39 -7.90 -26.11 -22.38 -7.90 0.00
-7.32 -25.34 -16.98 -7.33 -25.34 -16.98 0.01
-21.10 -14.53 -47.97 -21.10 -14.53 -47.97 0.00
-7.04 6.76 58.16 -7.04 6.76 58.16 0.00
-6.00 2.28 -34.93 -5.99 2.28 -34.93 0.01
35.56 -1.39 -18.96 35.56 -1.39 -18.96 0.00
2.00 19.60 45.31 2.00 19.61 45.32 0.01
21.88 7.85 55.52 21.88 7.85 55.52 0.00
-8.91 11.87 37.56 -8.90 11.88 37.55 0.01
2.18 20.42 41.89 2.18 20.42 41.89 0.00
10.61 -6.38 34.46 10.61 -6.38 34.46 0.00
35.59 0.40 11.35 35.60 0.40 11.35 0.00
24.72 20.23 -24.78 24.72 20.23 -24.78 0.00
16.08 23.17 22.27 16.08 23.17 22.27 0.00
-6.56 9.11 59.85 -6.56 9.11 59.85 0.00
-5.80 -24.59 -35.04 -5.81 -24.59 -35.03 0.00
-35.23 -16.55 -9.48 -35.23 -16.55 -9.48 0.00
-4.14 16.16 46.96 -4.14 16.16 46.96 0.00
-34.40 -21.21 -41.06 -34.39 -21.21 -41.06 0.00
-21.95 4.49 -42.80 -21.95 4.50 -42.80 0.00
-32.17 3.87 -14.21 -32.17 3.87 -14.21 0.00
-3.82 12.01 62.19 -3.82 12.01 62.19 0.00
-8.35 -19.43 -8.55 -8.34 -19.43 -8.55 0.00
17.40 2.85 -22.45 17.41 2.85 -22.44 0.01
-7.64 -27.92 -29.25 -7.64 -27.92 -29.25 0.00
2.26 -7.03 62.77 2.27 -7.02 62.77 0.01
8.82 21.88 34.68 8.82 21.88 34.68 0.00
-12.04 -26.30 -39.83 -12.04 -26.30 -39.83 0.00
-8.79 -7.58 -45.70 -8.79 -7.58 -45.70 0.00
-9.37 -1.66 19.32 -9.37 -1.66 19.32 0.00
-4.74 23.95 31.19 -4.74 23.96 31.19 0.01
-21.81 -5.00 -48.03 -21.81 -5.00 -48.03 0.00
-2.19 15.28 4.84 -2.18 15.28 4.84 0.00
-1.45 -10.91 11.43 -1.45 -10.91 11.43 0.00
-10.80 -23.41 -11.66 -10.80 -23.41 -11.66 0.00
6.76 -11.04 -22.53 6.76 -11.04 -22.53 0.00
37.06 6.37 -13.66 37.06 6.37 -13.66 0.00
29.84 21.12 1.91 29.84 21.11 1.91 0.01
-39.98 -20.24 -18.56 -39.98 -20.24 -18.56 0.00
27.61 8.16 25.41 27.61 8.16 25.41 0.01
6.10 19.60 -4.05 6.12 19.59 -4.04 0.02
-4.96 5.85 -24.12 -4.96 5.85 -24.12 0.00
-2.48 -4.77 -31.53 -2.48 -4.77 -31.53 0.00
-17.45 -3.40 -47.45 -17.45 -3.40 -47.45 0.00
-7.12 1.01 32.96 -7.13 1.01 32.96 0.00
23.36 11.72 40.74 23.36 11.72 40.74 0.00
17.38 27.08 -0.54 17.38 27.08 -0.54 0.01
17.15 -14.85 -16.27 17.15 -14.85 -16.27 0.01
16.35 26.92 3.67 16.35 26.91 3.67 0.01
-2.37 -22.29 -18.66 -2.37 -22.29 -18.66 0.00
-23.51 -21.72 -45.51 -23.51 -21.72 -45.51 0.00
21.61 7.30 -29.47 21.61 7.30 -29.47 0.01
27.05 5.66 27.91 27.06 5.66 27.91 0.01
-34.09 6.74 -20.77 -34.09 6.74 -20.76 0.01
-5.48 -18.87 -40.63 -5.48 -18.87 -40.63 0.01
-36.96 -13.91 -43.01 -36.96 -13.91 -43.01 0.00
-7.56 -19.50 -8.98 -7.56 -19.50 -8.98 0.00
-42.73 -9.90 -18.86 -42.73 -9.90 -18.86 0.00
-12.40 -20.60 -9.11 -12.40 -20.60 -9.12 0.00
-8.20 16.77 13.70 -8.20 16.77 13.70 0.00
-43.33 -7.46 -29.26 -43.33 -7.46 -29.26 0.00
40.03 3.60 -7.47 40.02 3.60 -7.47 0.00
-39.30 0.75 -18.55 -39.30 0.75 -18.55 0.00
-30.05 3.65 -40.97 -30.05 3.65 -40.97 0.01
-13.78 -28.33 -38.00 -13.78 -28.33 -38.00 0.00
3.56 -4.27 -24.64 3.56 -4.27 -24.64 0.00
18.03 -4.67 37.20 18.03 -4.67 37.20 0.00
9.75 18.75 61.66 9.75 18.75 61.66 0.00
-10.21 8.46 -28.48 -10.21 8.46 -28.48 0.00
38.39 1.52 -12.45 38.39 1.52 -12.45 0.00
16.32 -7.04 18.57 16.32 -7.05 18.57 0.01
34.65 14.93 7.77 34.65 14.92 7.76 0.01
31.08 13.48 14.08 31.08 13.48 14.08 0.00
32.85 -5.89 -21.12 32.86 -5.90 -21.12 0.01
32.98 14.88 -18.50 32.98 14.88 -18.51 0.01
27.68 22.19 6.99 27.68 22.19 6.99 0.00
-5.83 -4.52 31.26 -5.83 -4.52 31.26 0.00
36.67 -1.65 8.84 36.68 -1.65 8.84 0.01
-5.66 -18.22 -8.59 -5.66 -18.22 -8.59 0.00
-3.47 17.59 9.71 -3.47 17.59 9.72 0.00
-6.23 -2.51 34.64 -6.24 -2.51 34.64 0.00
-20.95 0.53 -8.49 -20.95 0.53 -8.49 0.00
21.67 25.19 5.63 21.66 25.18 5.63 0.00
30.22 1.58 -28.28 30.23 1.58 -28.29 0.01
-7.21 -20.60 -41.48 -7.21 -20.60 -41.48 0.00
15.87 22.70 27.41 15.87 22.69 27.41 0.00
31.47 7.46 16.70 31.47 7.46 16.71 0.00
28.72 21.81 -14.18 28.71 21.80 -14.18 0.01
32.59 18.06 -4.90 32.59 18.05 -4.90 0.01
13.19 -6.57 25.71 13.19 -6.57 25.71 0.00
-5.59 5.38 -26.01 -5.59 5.38 -26.01 0.00
-4.95 18.49 12.04 -4.95 18.49 12.04 0.00
21.53 24.13 -23.23 21.53 24.13 -23.23 0.00
1.99 -10.88 13.33 1.99 -10.88 13.33 0.00
20.49 14.88 48.77 20.50 14.89 48.77 0.00
28.52 -10.10 -1.23 28.53 -10.11 -1.23 0.02
16.42 -6.45 23.03 16.42 -6.46 23.03 0.01
-5.03 -6.39 26.21 -5.03 -6.38 26.21 0.00
-7.16 2.36 33.54 -7.16 2.36 33.54 0.00
-13.15 -14.59 -47.35 -13.15 -14.59 -47.35 0.00
35.09 15.11 -3.81 35.09 15.10 -3.82 0.00
-31.45 8.14 -32.62 -31.46 8.15 -32.62 0.01
3.90 12.22 -7.88 3.91 12.21 -7.87 0.01
21.31 24.82 -20.54 21.30 24.81 -20.54 0.01
-25.36 7.76 -38.53 -25.36 7.76 -38.54 0.00
3.78 18.35 -0.43 3.79 18.34 -0.42 0.01
-32.89 -17.13 -8.66 -32.89 -17.13 -8.66 0.00
5.98 20.37 44.94 5.98 20.38 44.94 0.00
0.52 -15.44 -4.79 0.52 -15.45 -4.79 0.00
-21.18 6.80 -40.32 -21.18 6.80 -40.32 0.00
33.63 -5.25 -5.15 33.64 -5.25 -5.15 0.01
19.86 -11.10 2.37 19.87 -11.11 2.38 0.01
2.65 -10.23 16.44 2.65 -10.22 16.44 0.00
-41.11 -18.74 -20.37 -41.11 -18.74 -20.37 0.00
-43.13 -14.77 -23.21 -43.13 -14.77 -23.21 0.00
24.17 7.00 39.98 24.17 7.00 39.98 0.00
36.43 11.14 -11.99 36.43 11.14 -11.99 0.01
-24.01 -32.50 -22.98 -24.01 -32.50 -22.99 0.01
-30.39 -26.70 -38.98 -30.39 -26.70 -38.97 0.00
-18.18 0.32 -46.13 -18.18 0.32 -46.13 0.00
34.70 10.71 10.67 34.70 10.71 10.67 0.00
19.12 17.92 43.48 19.13 17.92 43.48 0.00
28.91 -3.89 -26.05 28.91 -3.89 -26.05 0.01
-19.52 7.05 -15.46 -19.52 7.05 -15.46 0.00
1.49 -9.50 20.76 1.49 -9.50 20.76 0.00
0.05 24.00 23.61 0.05 24.00 23.61 0.00
-32.57 -4.34 -44.81 -32.57 -4.34 -44.81 0.00
10.31 19.43 -11.58 10.31 19.43 -11.57 0.01
12.05 -13.08 -17.71 12.06 -13.09 -17.72 0.01
-35.51 -3.50 -11.26 -35.51 -3.50 -11.25 0.00
33.85 -5.45 1.34 33.86 -5.45 1.34 0.01
-21.34 -3.69 -47.64 -21.34 -3.69 -47.64 0.00
27.16 22.83 -14.30 27.16 22.82 -14.30 0.01
-5.03 13.16 51.45 -5.03 13.16 51.45 0.01
-38.88 -1.53 -37.62 -38.87 -1.53 -37.62 0.00
22.92 -0.22 -27.10 22.92 -0.22 -27.10 0.00
-6.64 2.33 39.81 -6.64 2.33 39.81 0.00
-27.02 -24.66 -42.89 -27.02 -24.66 -42.89 0.00
-2.89 -11.14 -39.68 -2.89 -11.14 -39.68 0.00
-39.66 -19.57 -33.82 -39.66 -19.57 -33.82 0.00
35.84 6.07 -19.02 35.84 6.07 -19.02 0.00
29.88 17.69 11.95 29.88 17.69 11.95 0.00
19.96 0.23 56.63 19.95 0.23 56.63 0.00
-6.99 5.07 55.66 -7.00 5.07 55.66 0.00
11.04 12.45 63.14 11.04 12.45 63.14 0.00
-13.75 -24.00 -10.30 -13.75 -24.00 -10.30 0.00
9.12 -7.83 -22.10 9.12 -7.84 -22.09 0.01
-4.02 16.86 9.72 -4.02 16.86 9.73 0.00
34.41 -5.91 -15.64 34.42 -5.92 -15.64 0.02
31.23 17.13 -19.92 31.23 17.13 -19.92 0.00
-32.93 7.60 -20.67 -32.93 7.60 -20.67 0.00
-33.38 4.55 -37.62 -33.39 4.56 -37.63 0.00
3.72 -7.41 61.24 3.72 -7.40 61.24 0.01
-3.95 -18.38 -39.01 -3.95 -18.38 -39.01 0.00
2.06 5.87 -19.04 2.06 5.87 -19.04 0.00
7.95 3.93 -18.31 7.95 3.93 -18.30 0.01
-14.23 21.43 29.66 -14.23 21.43 29.66 0.00
31.53 -7.38 -21.54 31.54 -7.39 -21.54 0.01
-9.22 8.81 5.59 -9.22 8.81 5.59 0.00
22.82 4.12 45.72 22.83 4.12 45.72 0.00
-26.73 3.41 -42.84 -26.73 3.41 -42.84 0.00
21.76 -10.91 -21.63 21.76 -10.91 -21.63 0.00
-22.38 5.95 -41.37 -22.38 5.96 -41.37 0.00
4.18 8.30 63.41 4.18 8.30 63.41 0.00
-7.32 18.91 13.75 -7.32 18.91 13.75 0.00
-43.57 -6.28 -26.32 -43.57 -6.28 -26.32 0.01
39.07 9.88 -1.68 39.06 9.87 -1.68 0.01
-9.30 -10.84 2.88 -9.30 -10.84 2.88 0.00
-5.53 -4.37 32.52 -5.53 -4.37 32.52 0.00
-5.37 -4.18 33.20 -5.37 -4.18 33.20 0.00
15.49 -3.25 -22.25 15.49 -3.25 -22.24 0.00
-39.91 -14.09 -35.98 -39.91 -14.09 -35.98 0.00
7.23 15.48 -8.26 7.23 15.48 -8.25 0.01
-5.55 -6.38 -42.30 -5.55 -6.38 -42.30 0.00
21.47 14.09 45.81 21.48 14.09 45.81 0.00
29.61 -8.13 4.20 29.61 -8.15 4.21 0.02
-6.58 -25.77 -33.92 -6.58 -25.77 -33.91 0.00
