200 PA4-F-Debug-Output.txt
-3.42 4.73 -23.91 -3.43 4.72 -23.90 0.02
-16.33 10.67 -34.01 -16.34 10.64 -34.00 0.03
5.50 20.50 43.46 5.50 20.46 43.45 0.04
11.75 25.79 11.48 11.74 25.80 11.49 0.02
-27.20 -31.27 -32.85 -27.19 -31.24 -32.84 0.03
10.94 17.65 -11.22 10.91 17.64 -11.24 0.04
-9.98 -26.26 -15.42 -9.98 -26.27 -15.41 0.01
-5.46 20.04 39.76 -5.43 19.89 39.69 0.18
-6.27 9.81 50.51 -6.28 9.81 50.51 0.00
-6.33 -1.73 36.15 -6.21 -1.70 36.14 0.13
-10.54 7.05 3.04 -10.46 6.96 3.05 0.12
-3.14 -18.77 -10.30 -3.14 -18.75 -10.31 0.03
-38.25 -23.46 -32.02 -38.21 -23.43 -32.01 0.05
-42.06 -11.27 -29.04 -42.08 -11.27 -29.04 0.02
30.50 -2.76 -26.21 30.50 -2.77 -26.14 0.07
-2.07 16.65 48.97 -2.13 16.71 49.01 0.10
0.27 10.86 -7.78 0.29 10.82 -7.76 0.05
-31.95 -3.35 -9.93 -31.94 -3.37 -9.98 0.06
-9.02 -29.20 -28.17 -9.08 -29.11 -28.15 0.11
-26.77 -0.19 -45.46 -26.81 -0.14 -45.54 0.11
-14.93 12.86 29.78 -14.97 12.84 29.80 0.05
-6.84 1.77 32.93 -7.18 1.74 32.97 0.34
6.36 10.37 -12.08 6.36 10.33 -12.06 0.04
21.29 -3.76 -24.66 21.31 -3.76 -24.65 0.02
17.85 27.06 -1.27 17.84 27.03 -1.27 0.03
20.22 -12.01 -20.83 20.26 -11.98 -20.80 0.06
-1.98 -19.92 -34.87 -1.93 -19.96 -34.91 0.07
-1.03 -15.30 -36.30 -1.15 -15.32 -36.23 0.15
-0.61 -6.31 55.78 -0.56 -6.22 55.78 0.10
0.07 0.38 -24.87 0.07 0.38 -24.87 0.00
3.29 20.04 2.66 3.25 20.06 2.64 0.05
-31.81 -26.89 -15.81 -31.82 -26.91 -15.80 0.02
-2.01 -8.48 -32.85 -1.96 -8.46 -32.86 0.05
-34.41 4.48 -36.85 -34.38 4.45 -36.82 0.05
-6.81 1.93 39.65 -6.59 1.96 39.64 0.22
-28.67 -17.73 -7.26 -28.66 -17.74 -7.34 0.07
-3.00 -4.93 -35.55 -3.03 -4.94 -35.56 0.04
1.89 -9.27 20.89 1.92 -9.36 20.90 0.10
21.32 -14.06 -3.56 21.30 -14.02 -3.59 0.05
-37.82 -24.10 -32.11 -37.75 -24.04 -32.09 0.09
-27.73 11.11 -26.23 -27.74 11.13 -26.23 0.02
18.11 -7.65 13.64 18.11 -7.66 13.65 0.01
23.08 -1.23 33.90 23.15 -1.29 33.92 0.09
35.30 -2.14 -19.11 35.30 -2.14 -19.11 0.00
-0.28 -18.18 -31.62 -0.27 -18.18 -31.62 0.02
8.45 -16.14 -7.13 8.45 -16.10 -7.13 0.04
14.92 22.68 31.94 14.89 22.52 31.95 0.16
32.93 7.90 14.15 32.89 7.89 14.12 0.05
-36.60 -19.70 -12.48 -36.56 -19.68 -12.50 0.05
37.26 12.93 3.65 37.22 12.91 3.65 0.05
27.37 22.80 -9.66 27.40 22.84 -9.66 0.05
-3.04 14.89 58.63 -3.02 14.88 58.63 0.02
22.90 2.93 -28.86 22.94 2.96 -28.82 0.06
3.12 -9.35 19.40 3.11 -9.33 19.40 0.02
2.70 -12.36 -25.78 2.73 -12.36 -25.81 0.05
5.97 -14.30 -20.74 6.05 -14.38 -20.79 0.11
-8.07 20.92 36.87 -8.08 20.96 36.90 0.06
27.09 3.68 26.82 27.19 3.67 26.85 0.10
4.96 23.73 6.31 4.92 23.79 6.30 0.07
7.21 23.01 28.40 7.21 22.90 28.38 0.11
31.02 -8.56 -1.91 31.01 -8.53 -1.92 0.03
23.49 -7.95 7.34 23.51 -8.02 7.36 0.07
-13.52 16.77 17.80 -13.59 16.80 17.71 0.12
-30.52 -17.49 -46.15 -30.52 -17.49 -46.16 0.01
-4.93 10.75 -0.37 -4.90 10.72 -0.36 0.05
-26.78 11.34 -24.75 -26.81 11.43 -24.74 0.09
9.72 -6.92 24.64 9.74 -7.13 24.66 0.21
6.22 20.31 44.38 6.20 20.46 44.39 0.15
-31.06 -29.55 -32.62 -31.08 -29.57 -32.63 0.03
-3.37 12.68 1.94 -3.34 12.64 1.95 0.05
-3.56 -4.05 56.92 -3.55 -4.04 56.92 0.01
-8.51 -28.74 -26.15 -8.42 -28.86 -26.13 0.15
18.20 17.52 51.39 18.16 17.48 51.39 0.06
-3.85 -24.82 -28.72 -3.81 -24.86 -28.73 0.06
-23.74 -30.46 -16.50 -23.75 -30.39 -16.53 0.08
36.01 5.63 -18.70 35.98 5.63 -18.68 0.03
-1.09 -5.73 49.41 -1.06 -5.68 49.41 0.06
3.40 13.60 63.04 3.40 13.61 63.14 0.10
-40.77 -5.31 -35.70 -40.80 -5.33 -35.72 0.04
-33.07 -27.73 -18.35 -33.02 -27.66 -18.38 0.09
32.68 2.08 15.20 32.66 2.09 15.18 0.03
-30.23 -8.72 -6.75 -30.23 -8.72 -6.75 0.00
11.21 18.97 -13.52 11.24 18.98 -13.51 0.03
16.44 -3.51 58.39 16.57 -3.64 58.40 0.19
-18.99 11.49 -32.61 -18.99 11.51 -32.61 0.03
-16.56 -1.30 -47.10 -16.57 -1.31 -47.08 0.03
-15.40 -1.60 3.87 -15.42 -1.60 3.88 0.02
-1.47 -5.69 54.36 -1.48 -5.71 54.36 0.03
36.18 14.42 4.23 36.24 14.46 4.23 0.07
-6.76 4.52 46.18 -6.79 4.51 46.18 0.03
-5.73 16.70 43.72 -5.68 16.67 43.69 0.07
3.61 4.93 -19.21 3.60 4.92 -19.20 0.01
9.89 -3.89 63.39 9.89 -3.89 63.37 0.02
-8.70 6.40 -34.04 -8.78 6.32 -34.00 0.12
-3.90 -8.78 20.81 -3.93 -8.84 20.83 0.07
22.83 11.01 -31.00 22.83 11.01 -31.00 0.01
-24.96 3.42 -13.58 -24.97 3.43 -13.56 0.02
-39.25 -2.39 -37.21 -39.34 -2.36 -37.26 0.11
11.33 24.55 -7.17 11.34 24.55 -7.16 0.01
17.16 -8.89 -21.50 17.15 -8.93 -21.55 0.06
-41.08 -18.64 -19.76 -41.01 -18.62 -19.77 0.07
-30.88 6.09 -38.06 -30.84 6.02 -38.03 0.08
-3.44 4.63 -24.03 -3.43 4.64 -24.04 0.01
-8.03 6.49 -28.24 -8.04 6.48 -28.24 0.01
-7.94 21.72 16.58 -7.93 21.71 16.60 0.02
-7.88 5.82 -30.83 -7.84 5.85 -30.84 0.05
34.73 4.10 -21.82 34.62 4.10 -21.76 0.12
10.55 -6.75 52.10 10.53 -6.65 52.10 0.10
-10.26 6.80 -5.18 -10.31 6.87 -5.17 0.09
-10.81 -23.54 -11.68 -10.82 -23.52 -11.71 0.04
13.17 -17.23 -8.72 13.21 -17.13 -8.68 0.11
33.97 12.89 -19.00 33.95 12.88 -19.00 0.02
16.30 4.28 63.10 16.30 4.28 63.04 0.05
21.57 -15.90 -15.36 21.53 -15.73 -15.34 0.18
-11.32 -26.00 -40.04 -11.40 -25.87 -39.94 0.18
-26.46 -22.82 -8.34 -26.45 -22.77 -8.39 0.07
-28.11 -18.38 -7.24 -28.11 -18.38 -7.23 0.01
23.29 5.25 45.56 23.10 5.29 45.52 0.20
-35.70 -25.10 -35.05 -35.65 -25.05 -35.02 0.08
6.01 -6.81 39.20 6.02 -6.91 39.20 0.10
-10.25 -6.95 8.97 -10.19 -6.90 8.94 0.08
14.45 -2.33 63.10 14.45 -2.33 63.09 0.01
-6.75 8.32 -9.18 -6.77 8.38 -9.17 0.07
25.64 21.13 13.49 25.66 21.15 13.49 0.03
34.69 -4.78 4.86 34.71 -4.80 4.86 0.03
23.10 5.17 45.95 23.00 5.19 45.93 0.10
24.60 11.94 33.34 24.61 11.94 33.34 0.01
-8.12 8.12 -21.61 -8.13 8.11 -21.61 0.01
-22.61 -21.58 -45.98 -22.60 -21.56 -45.97 0.02
10.63 22.63 31.29 10.63 22.45 31.27 0.19
9.85 -6.52 -21.81 9.85 -6.52 -21.82 0.01
-6.26 9.71 59.69 -6.37 9.74 59.69 0.11
-15.59 -11.80 -2.52 -15.61 -11.83 -2.47 0.07
-21.92 -6.33 -4.65 -21.94 -6.32 -4.62 0.03
-14.59 4.88 -42.02 -14.60 4.85 -41.98 0.05
-11.93 9.22 -29.17 -11.92 9.24 -29.18 0.02
17.95 -7.49 14.04 17.97 -7.60 14.06 0.12
-29.15 0.26 -44.25 -29.12 0.22 -44.19 0.07
-12.24 9.33 -18.66 -12.25 9.30 -18.67 0.03
-2.93 10.95 62.89 -2.90 10.94 62.83 0.07
-12.17 20.92 18.29 -12.14 20.87 18.34 0.08
-0.55 1.63 -24.73 -0.56 1.63 -24.73 0.00
-39.62 -14.69 -37.37 -39.66 -14.69 -37.38 0.04
13.22 10.59 -14.30 13.18 10.60 -14.32 0.05
-10.81 -18.72 -44.96 -10.77 -18.75 -44.94 0.05
23.46 8.01 44.04 23.48 8.01 44.04 0.02
11.63 20.23 -14.52 11.66 20.22 -14.51 0.04
10.58 2.74 63.04 10.58 2.74 63.06 0.01
-20.89 -30.48 -36.82 -20.89 -30.47 -36.81 0.02
3.97 -0.47 63.37 3.97 -0.47 63.34 0.03
-37.64 -13.36 -42.33 -37.62 -13.36 -42.31 0.02
-39.66 -13.26 -13.82 -39.65 -13.26 -13.83 0.02
37.99 -1.00 -11.35 38.02 -1.02 -11.36 0.04
-37.99 4.16 -28.81 -37.97 4.14 -28.80 0.02
-35.25 -17.19 -9.94 -35.25 -17.19 -9.95 0.00
-40.94 -19.78 -29.79 -40.91 -19.78 -29.78 0.03
26.08 -2.04 23.81 26.00 -1.95 23.76 0.13
-4.89 16.21 9.85 -4.86 16.18 9.87 0.05
15.05 12.58 63.14 15.05 12.58 63.16 0.02
24.83 6.59 -30.32 24.83 6.59 -30.33 0.01
13.03 0.88 62.98 13.03 0.88 63.02 0.04
-30.18 -11.47 -47.20 -30.19 -11.48 -47.24 0.04
-4.98 -2.26 56.81 -4.98 -2.27 56.81 0.01
-13.46 16.09 34.83 -13.43 16.11 34.79 0.06
31.63 10.97 15.02 31.55 10.93 14.98 0.10
27.58 13.15 21.84 27.50 13.13 21.82 0.08
-7.49 15.27 12.43 -7.55 15.32 12.37 0.09
-16.77 6.32 -13.37 -16.78 6.34 -13.34 0.03
-42.69 -2.83 -26.25 -42.74 -2.81 -26.25 0.05
-20.39 -31.94 -21.06 -20.39 -32.09 -21.04 0.15
4.55 23.15 27.49 4.54 23.09 27.48 0.07
-43.66 -11.19 -22.96 -43.62 -11.19 -22.97 0.04
33.88 1.73 13.50 33.89 1.72 13.52 0.02
-6.69 8.94 54.08 -6.52 8.89 54.08 0.18
-25.52 -12.33 -48.36 -25.53 -12.34 -48.42 0.06
22.02 19.87 26.31 21.95 19.82 26.29 0.09
-14.87 -15.05 -47.92 -14.87 -15.05 -47.94 0.01
22.23 20.59 22.69 22.17 20.52 22.67 0.10
3.59 11.14 -10.22 3.61 11.11 -10.21 0.04
-25.47 -4.85 -8.09 -25.50 -4.80 -8.03 0.09
-14.45 11.60 23.18 -14.40 11.64 23.19 0.07
10.59 24.74 15.77 10.59 24.78 15.78 0.04
-8.92 25.02 24.47 -8.92 25.02 24.47 0.00
-9.04 7.16 -31.58 -9.06 7.14 -31.58 0.02
-7.90 15.51 40.23 -7.86 15.52 40.18 0.07
0.43 12.48 -3.82 0.38 12.59 -3.86 0.13
2.65 -15.73 -24.43 2.60 -15.70 -24.40 0.06
8.10 20.44 54.84 8.09 20.45 54.84 0.01
-6.02 2.00 -35.74 -6.03 1.99 -35.74 0.01
6.19 22.68 29.52 6.19 22.69 29.52 0.01
9.04 -6.70 45.90 9.04 -6.68 45.90 0.02
32.50 -6.86 0.17 32.41 -6.74 0.17 0.14
-18.81 -10.52 -2.93 -18.80 -10.52 -2.95 0.03
25.35 4.42 33.40 25.46 4.41 33.43 0.12
-35.41 6.65 -29.11 -35.37 6.60 -29.10 0.07
-40.25 -19.46 -18.24 -40.20 -19.44 -18.26 0.06
-3.58 -16.62 -39.84 -3.66 -16.57 -39.76 0.13
27.41 -8.83 4.18 27.41 -8.85 4.18 0.02
6.76 -1.08 63.28 6.76 -1.07 63.34 0.07
-28.47 -28.03 -14.24 -28.47 -28.04 -14.23 0.01
