200 PA4-D-Debug-Output.txt
4.64 10.64 -11.34 4.64 10.65 -11.34 0.00
-33.67 -26.58 -17.16 -33.67 -26.58 -17.16 0.00
3.96 19.38 0.62 3.96 19.38 0.62 0.00
-14.55 6.26 -40.59 -14.55 6.26 -40.59 0.00
16.81 -17.30 -6.20 16.81 -17.28 -6.21 0.02
39.19 5.11 -9.54 39.19 5.11 -9.54 0.00
39.65 7.80 0.30 39.66 7.81 0.30 0.01
20.02 -13.51 -1.82 20.02 -13.50 -1.82 0.00
-14.30 17.30 33.75 -14.30 17.30 33.74 0.00
-29.72 -16.96 -7.53 -29.72 -16.96 -7.53 0.00
4.37 20.27 43.60 4.37 20.27 43.60 0.00
13.73 -6.59 25.25 13.73 -6.59 25.25 0.01
-22.06 -32.76 -26.67 -22.06 -32.76 -26.67 0.00
-3.93 -16.38 -40.14 -3.93 -16.38 -40.13 0.01
27.66 8.15 25.24 27.67 8.15 25.24 0.00
10.02 26.25 7.39 10.02 26.25 7.39 0.01
11.27 -9.14 13.66 11.27 -9.14 13.66 0.00
19.25 -17.39 -10.02 19.25 -17.38 -10.02 0.01
-19.72 -20.87 -46.76 -19.72 -20.87 -46.76 0.00
6.82 -7.50 25.62 6.82 -7.51 25.62 0.01
36.10 -2.65 -4.27 36.09 -2.64 -4.27 0.01
-21.47 8.11 -17.05 -21.47 8.10 -17.05 0.00
29.48 16.15 14.34 29.48 16.16 14.35 0.00
-8.56 -0.37 24.12 -8.56 -0.37 24.12 0.01
-3.38 11.81 -0.52 -3.38 11.81 -0.53 0.00
13.19 23.66 22.56 13.19 23.65 22.55 0.01
33.60 13.28 -19.45 33.60 13.28 -19.45 0.00
36.87 -1.17 8.88 36.86 -1.17 8.87 0.01
-3.46 -11.58 5.54 -3.46 -11.58 5.54 0.00
-7.82 8.19 -11.11 -7.82 8.18 -11.11 0.01
0.37 -4.05 -26.95 0.37 -4.05 -26.95 0.00
16.39 -0.60 62.97 16.39 -0.60 62.96 0.00
-42.97 -7.31 -19.61 -42.97 -7.31 -19.61 0.00
17.80 19.22 -30.11 17.80 19.22 -30.11 0.00
12.81 24.96 -8.94 12.81 24.97 -8.94 0.01
18.95 -9.66 6.48 18.95 -9.66 6.48 0.00
-38.41 -0.34 -37.27 -38.40 -0.34 -37.27 0.00
-18.01 -5.39 -1.22 -18.02 -5.39 -1.22 0.00
8.41 -9.61 -22.51 8.41 -9.61 -22.51 0.01
-38.66 -21.13 -34.74 -38.67 -21.13 -34.74 0.01
-16.19 -22.88 -44.25 -16.19 -22.87 -44.25 0.00
36.80 13.01 -4.13 36.80 13.01 -4.13 0.01
-14.96 5.36 -41.71 -14.96 5.36 -41.71 0.01
-22.85 -9.28 -4.68 -22.85 -9.28 -4.68 0.01
-4.17 11.88 1.44 -4.17 11.87 1.44 0.01
-29.69 5.17 -14.37 -29.69 5.17 -14.37 0.00
19.17 -5.34 26.95 19.17 -5.34 26.95 0.00
-33.02 2.65 -40.04 -33.02 2.65 -40.04 0.01
-31.76 4.04 -39.61 -31.76 4.04 -39.61 0.00
-5.35 23.13 33.61 -5.36 23.13 33.61 0.00
31.54 14.77 12.62 31.54 14.77 12.62 0.01
10.76 -6.34 36.71 10.76 -6.33 36.71 0.01
-41.02 -15.67 -30.83 -41.02 -15.67 -30.82 0.00
8.65 -6.87 49.42 8.65 -6.88 49.42 0.01
16.12 24.45 -23.46 16.11 24.46 -23.46 0.01
-4.53 18.39 42.16 -4.52 18.38 42.16 0.01
14.84 -13.54 -17.18 14.84 -13.55 -17.19 0.00
5.60 23.84 21.27 5.60 23.84 21.27 0.00
-2.61 -5.49 -32.57 -2.61 -5.49 -32.57 0.00
22.82 25.18 1.64 22.82 25.19 1.64 0.01
13.68 26.45 8.85 13.68 26.45 8.85 0.00
-27.40 3.48 -42.51 -27.40 3.48 -42.51 0.00
-35.04 6.38 -30.98 -35.04 6.38 -30.98 0.00
-8.08 7.96 -6.25 -8.08 7.96 -6.25 0.00
-5.12 -3.94 34.15 -5.12 -3.94 34.14 0.00
8.69 -14.74 -17.15 8.69 -14.73 -17.15 0.00
-10.66 -26.65 -15.41 -10.66 -26.64 -15.42 0.01
-0.22 18.53 6.36 -0.22 18.53 6.36 0.00
30.44 -3.37 14.17 30.44 -3.36 14.16 0.00
17.09 23.28 -26.84 17.10 23.29 -26.84 0.01
28.73 7.15 22.42 28.73 7.15 22.42 0.00
21.26 5.02 58.12 21.27 5.02 58.12 0.01
-8.68 -26.11 -16.34 -8.68 -26.11 -16.34 0.01
-1.06 9.59 -11.01 -1.06 9.59 -11.01 0.00
-14.80 -10.90 -0.97 -14.80 -10.91 -0.96 0.01
28.03 22.28 -15.81 28.03 22.29 -15.81 0.01
-5.15 14.29 8.07 -5.15 14.29 8.08 0.01
-16.59 7.30 -40.25 -16.59 7.30 -40.25 0.00
30.20 20.68 -5.14 30.20 20.68 -5.14 0.00
0.31 -19.80 -24.97 0.30 -19.80 -24.97 0.00
-33.70 -15.33 -45.28 -33.70 -15.33 -45.28 0.00
10.22 -10.64 10.49 10.22 -10.64 10.49 0.00
1.22 -6.84 39.76 1.22 -6.85 39.76 0.02
-29.86 -27.50 -38.10 -29.86 -27.50 -38.10 0.00
12.52 -6.31 40.23 12.52 -6.31 40.23 0.00
28.68 -11.01 -19.17 28.67 -11.01 -19.17 0.01
-23.23 -21.23 -46.00 -23.23 -21.22 -46.00 0.00
-37.71 -0.51 -38.48 -37.71 -0.51 -38.48 0.00
-38.05 -19.85 -15.03 -38.05 -19.85 -15.03 0.00
-6.97 6.86 49.26 -6.96 6.86 49.26 0.01
-10.49 22.33 33.71 -10.48 22.32 33.70 0.01
-34.21 5.29 -35.46 -34.21 5.29 -35.46 0.01
-28.05 -22.79 -44.08 -28.05 -22.79 -44.08 0.00
-14.46 -0.36 -45.85 -14.46 -0.36 -45.85 0.00
-7.22 1.37 32.51 -7.20 1.37 32.51 0.01
-10.17 8.00 -13.14 -10.17 8.01 -13.14 0.00
18.22 23.98 15.42 18.22 23.99 15.42 0.01
-9.71 -2.19 17.19 -9.71 -2.19 17.19 0.00
33.42 16.62 7.17 33.42 16.61 7.17 0.00
1.17 -6.41 -27.29 1.17 -6.42 -27.28 0.01
-10.40 -8.32 -46.93 -10.40 -8.32 -46.93 0.00
10.91 21.84 36.28 10.92 21.83 36.28 0.01
-16.60 -30.54 -18.46 -16.60 -30.55 -18.46 0.01
-37.44 0.01 -38.35 -37.43 0.01 -38.35 0.01
-6.54 -8.18 15.02 -6.54 -8.19 15.02 0.00
20.81 25.03 -19.74 20.81 25.03 -19.74 0.00
7.20 20.58 44.75 7.20 20.59 44.75 0.00
27.82 22.62 -4.31 27.82 22.61 -4.31 0.01
12.17 17.30 -21.62 12.16 17.30 -21.62 0.01
-13.52 -6.02 -47.71 -13.52 -6.02 -47.71 0.00
26.12 -5.93 12.85 26.12 -5.92 12.85 0.01
19.15 16.44 50.85 19.15 16.44 50.85 0.00
23.20 23.84 8.39 23.20 23.84 8.39 0.00
7.29 22.37 31.20 7.29 22.37 31.20 0.00
6.95 -7.74 23.46 6.95 -7.74 23.46 0.00
21.07 23.82 -24.12 21.07 23.82 -24.13 0.01
20.25 -14.31 -17.44 20.25 -14.31 -17.44 0.00
-4.88 21.88 15.58 -4.87 21.87 15.59 0.01
5.03 -8.01 24.84 5.03 -8.01 24.84 0.01
12.71 24.97 15.11 12.71 24.97 15.11 0.00
19.22 22.78 -26.58 19.23 22.80 -26.59 0.02
27.80 22.67 -8.44 27.80 22.67 -8.44 0.00
-1.90 -18.38 -36.08 -1.90 -18.38 -36.08 0.01
-21.98 8.15 -38.77 -21.98 8.14 -38.77 0.01
26.93 4.08 27.76 26.94 4.07 27.76 0.01
35.28 13.54 8.79 35.28 13.55 8.80 0.00
-11.25 24.41 26.50 -11.25 24.40 26.50 0.01
16.54 -7.91 13.83 16.54 -7.91 13.83 0.00
34.95 3.54 12.27 34.95 3.54 12.27 0.00
-22.76 -4.29 -6.29 -22.76 -4.29 -6.29 0.00
-2.03 5.80 -21.66 -2.03 5.80 -21.67 0.01
-4.11 -1.38 -34.52 -4.10 -1.38 -34.52 0.00
21.37 5.10 57.41 21.37 5.10 57.41 0.00
11.53 24.87 15.01 11.53 24.88 15.01 0.01
0.08 7.53 -18.05 0.08 7.53 -18.05 0.00
-37.78 -10.23 -10.55 -37.78 -10.24 -10.55 0.00
-26.28 6.51 -15.31 -26.28 6.51 -15.31 0.00
-43.34 -9.97 -21.22 -43.34 -9.97 -21.21 0.00
18.03 16.68 56.59 18.02 16.68 56.59 0.01
21.52 13.55 -30.49 21.52 13.55 -30.49 0.00
3.32 20.19 2.64 3.32 20.19 2.64 0.00
-7.41 -0.13 29.74 -7.39 -0.13 29.74 0.01
-6.55 3.93 -30.90 -6.56 3.93 -30.90 0.01
-22.09 -0.11 -46.44 -22.09 -0.11 -46.44 0.00
-12.09 -5.04 -47.02 -12.09 -5.04 -47.03 0.00
-18.07 -28.60 -39.24 -18.07 -28.60 -39.23 0.00
-9.36 12.29 12.05 -9.36 12.29 12.05 0.00
33.76 16.64 -11.89 33.77 16.65 -11.89 0.00
-14.91 11.29 -27.84 -14.91 11.29 -27.84 0.01
2.96 -11.78 10.06 2.96 -11.78 10.06 0.00
18.89 -17.37 -11.75 18.89 -17.37 -11.75 0.00
17.97 9.70 63.13 17.97 9.70 63.13 0.00
35.75 5.21 -19.07 35.75 5.21 -19.07 0.00
13.31 -0.22 -21.45 13.31 -0.22 -21.45 0.01
18.58 25.83 7.37 18.58 25.84 7.38 0.01
-6.37 -24.06 -36.84 -6.37 -24.06 -36.84 0.00
-4.30 17.19 10.28 -4.30 17.19 10.28 0.00
1.19 -7.01 62.22 1.19 -7.01 62.22 0.00
34.95 -3.68 -3.59 34.95 -3.68 -3.59 0.01
4.22 14.36 -5.64 4.22 14.36 -5.64 0.00
-5.76 8.65 -11.27 -5.76 8.65 -11.27 0.00
2.48 14.57 -3.14 2.47 14.58 -3.14 0.01
-24.46 -30.92 -34.96 -24.46 -30.92 -34.96 0.00
29.30 -0.05 18.90 29.29 -0.05 18.90 0.00
17.80 24.68 -24.63 17.80 24.70 -24.64 0.02
-21.84 5.64 -41.64 -21.84 5.63 -41.64 0.01
39.70 4.50 -8.05 39.70 4.50 -8.05 0.00
-7.14 -22.32 -12.61 -7.14 -22.32 -12.61 0.00
0.06 21.25 37.61 0.05 21.23 37.61 0.01
33.20 14.57 10.71 33.20 14.57 10.71 0.00
25.63 -13.17 -9.00 25.63 -13.17 -9.00 0.00
31.71 18.02 -16.43 31.71 18.02 -16.43 0.01
34.08 -6.46 -15.09 34.07 -6.46 -15.09 0.01
-33.71 2.20 -13.31 -33.71 2.19 -13.31 0.00
-13.90 -23.74 -43.32 -13.90 -23.74 -43.32 0.00
21.26 11.61 54.77 21.26 11.61 54.77 0.00
-5.33 -11.62 4.35 -5.33 -11.62 4.35 0.00
-6.62 -6.83 21.08 -6.62 -6.84 21.08 0.01
-8.01 1.66 -39.45 -8.02 1.66 -39.45 0.00
38.62 3.49 -12.00 38.61 3.49 -11.99 0.01
-12.21 0.18 -44.17 -12.21 0.18 -44.17 0.00
-6.31 9.64 55.95 -6.30 9.64 55.95 0.01
-8.80 5.59 28.57 -8.81 5.59 28.57 0.00
32.39 12.89 12.75 32.39 12.89 12.75 0.00
3.05 5.38 63.50 3.05 5.38 63.50 0.00
7.41 -16.19 -11.02 7.41 -16.19 -11.02 0.01
34.64 -2.57 10.83 34.63 -2.56 10.83 0.01
-4.21 11.03 -1.16 -4.21 11.03 -1.16 0.00
-6.18 -0.49 38.38 -6.17 -0.48 38.38 0.01
6.86 0.84 63.38 6.86 0.84 63.37 0.00
-2.24 10.05 -7.46 -2.24 10.05 -7.46 0.00
8.79 -9.43 14.68 8.79 -9.43 14.68 0.00
-5.62 17.73 11.92 -5.61 17.73 11.92 0.01
-20.30 -12.47 -49.38 -20.30 -12.47 -49.38 0.00
14.48 12.84 63.13 14.48 12.84 63.13 0.00
-10.53 2.80 -41.12 -10.53 2.80 -41.12 0.00
-2.43 18.61 44.50 -2.43 18.60 44.50 0.02
17.62 22.67 24.87 17.63 22.68 24.87 0.00
28.82 21.18 7.90 28.82 21.18 7.90 0.00
-7.12 -14.80 -2.72 -7.12 -14.80 -2.72 0.00
