200 PA4-C-Debug-Output.txt
3.14 -7.00 52.59 3.14 -7.02 52.59 0.02
30.06 12.93 16.45 30.06 12.93 16.45 0.00
-33.88 -23.64 -13.48 -33.88 -23.64 -13.48 0.00
2.22 -12.95 1.39 2.22 -12.96 1.39 0.00
-9.40 1.92 22.71 -9.40 1.92 22.71 0.00
7.85 21.65 -5.46 7.84 21.65 -5.46 0.01
-6.25 24.41 30.94 -6.25 24.39 30.94 0.02
-7.05 7.53 -21.58 -7.05 7.54 -21.58 0.01
38.14 -0.52 -4.98 38.13 -0.51 -4.98 0.02
-5.22 -8.20 -42.36 -5.21 -8.20 -42.36 0.00
-0.17 -6.29 57.69 -0.17 -6.31 57.69 0.02
11.74 -5.01 63.31 11.74 -5.01 63.32 0.01
-23.82 10.27 -35.07 -23.82 10.27 -35.06 0.00
2.25 0.51 63.44 2.25 0.51 63.45 0.01
7.08 2.08 -20.18 7.08 2.08 -20.18 0.00
-10.31 -0.98 16.03 -10.32 -0.98 16.04 0.01
-40.91 -15.61 -30.98 -40.90 -15.62 -30.97 0.02
-38.41 -23.02 -19.60 -38.40 -23.01 -19.60 0.00
-40.74 -2.26 -17.47 -40.74 -2.26 -17.48 0.00
-42.44 -14.04 -19.75 -42.44 -14.04 -19.75 0.01
-3.53 10.75 -3.13 -3.53 10.75 -3.13 0.01
25.89 11.68 28.54 25.89 11.68 28.54 0.00
-22.08 7.13 -15.99 -22.08 7.13 -15.99 0.00
-6.52 1.93 48.41 -6.52 1.93 48.41 0.00
-0.18 -18.67 -11.01 -0.18 -18.67 -11.00 0.00
-11.59 4.04 -40.82 -11.59 4.04 -40.82 0.00
9.84 -5.34 63.38 9.84 -5.34 63.38 0.01
-40.07 -12.01 -32.21 -40.06 -12.01 -32.21 0.01
4.48 -9.29 18.68 4.48 -9.29 18.68 0.00
22.81 14.47 36.32 22.80 14.47 36.32 0.01
14.52 23.56 -22.55 14.50 23.58 -22.56 0.02
12.39 -10.75 8.81 12.39 -10.75 8.81 0.00
38.33 3.00 8.37 38.34 3.00 8.37 0.01
-27.95 -26.18 -40.90 -27.95 -26.18 -40.90 0.00
-0.02 19.98 42.76 -0.02 19.97 42.76 0.00
22.45 12.95 43.71 22.45 12.94 43.70 0.00
-14.89 12.37 23.07 -14.90 12.36 23.07 0.02
-29.22 -14.59 -6.62 -29.22 -14.59 -6.61 0.01
7.19 -8.12 -23.05 7.19 -8.12 -23.04 0.00
-32.49 -13.21 -7.10 -32.49 -13.21 -7.09 0.01
32.05 1.28 15.61 32.05 1.28 15.61 0.00
18.10 -1.66 60.32 18.11 -1.67 60.32 0.01
18.30 -3.65 -23.03 18.30 -3.65 -23.02 0.01
8.49 17.85 -8.83 8.49 17.85 -8.83 0.00
-6.44 9.51 59.82 -6.44 9.51 59.82 0.00
-7.76 -26.10 -17.52 -7.76 -26.11 -17.52 0.01
-17.83 -0.09 -3.27 -17.83 -0.09 -3.27 0.00
-34.56 -1.20 -42.43 -34.55 -1.21 -42.42 0.01
0.30 23.85 18.71 0.30 23.84 18.71 0.01
-12.69 -21.72 -9.47 -12.69 -21.73 -9.46 0.01
10.72 -6.66 53.08 10.72 -6.68 53.08 0.01
-6.99 7.23 59.16 -6.99 7.23 59.16 0.00
-3.50 11.29 -1.78 -3.50 11.29 -1.78 0.00
-23.72 -16.04 -6.13 -23.72 -16.04 -6.12 0.01
-31.95 6.69 -35.40 -31.95 6.68 -35.40 0.01
-34.30 -10.35 -45.85 -34.29 -10.35 -45.84 0.01
-39.35 -13.75 -39.45 -39.34 -13.75 -39.44 0.01
5.08 21.29 0.26 5.08 21.29 0.26 0.01
-22.00 6.51 -40.82 -22.00 6.51 -40.82 0.01
12.01 20.27 -19.22 12.00 20.28 -19.22 0.02
-16.89 6.13 -13.19 -16.90 6.14 -13.18 0.01
30.44 20.64 -9.20 30.45 20.66 -9.20 0.01
-36.02 -21.02 -12.88 -36.02 -21.02 -12.88 0.00
-7.49 -20.23 -9.85 -7.49 -20.24 -9.85 0.01
-4.96 -11.14 -42.24 -4.96 -11.14 -42.24 0.00
-6.31 -9.69 9.49 -6.32 -9.69 9.49 0.01
17.36 26.74 3.53 17.36 26.76 3.53 0.01
-6.68 1.49 36.88 -6.68 1.49 36.88 0.00
-11.94 -30.63 -25.36 -11.94 -30.64 -25.36 0.00
-1.49 -6.86 -31.11 -1.49 -6.86 -31.11 0.00
21.46 12.47 51.20 21.45 12.47 51.20 0.01
1.26 14.05 -2.26 1.26 14.05 -2.26 0.00
-40.07 1.51 -22.97 -40.06 1.51 -22.97 0.00
6.61 16.83 -6.01 6.61 16.83 -6.01 0.00
33.20 6.02 14.29 33.21 6.02 14.30 0.01
18.31 3.20 62.99 18.31 3.20 63.00 0.01
3.21 18.24 61.99 3.21 18.24 61.99 0.00
22.71 1.98 43.91 22.71 1.98 43.91 0.00
7.01 -7.63 23.91 7.01 -7.63 23.91 0.00
-10.22 15.77 14.74 -10.21 15.77 14.74 0.01
-41.74 -9.19 -31.17 -41.74 -9.18 -31.17 0.00
-13.84 19.28 18.89 -13.84 19.28 18.89 0.01
-15.32 20.85 23.90 -15.32 20.85 23.90 0.00
-6.13 0.54 57.60 -6.14 0.54 57.60 0.01
-43.54 -13.38 -23.78 -43.53 -13.38 -23.78 0.01
11.07 0.39 -20.88 11.06 0.39 -20.89 0.00
8.17 -13.41 -19.58 8.16 -13.40 -19.58 0.01
34.75 1.15 12.35 34.75 1.15 12.35 0.01
-24.07 -15.15 -6.10 -24.07 -15.15 -6.09 0.01
-30.66 -29.58 -19.58 -30.66 -29.58 -19.57 0.00
-6.32 9.93 59.99 -6.32 9.93 59.99 0.00
16.73 -3.38 59.56 16.74 -3.38 59.56 0.01
-14.70 -23.72 -9.99 -14.70 -23.72 -9.99 0.00
38.24 11.22 -3.08 38.25 11.23 -3.08 0.01
-22.56 12.24 -26.49 -22.56 12.24 -26.49 0.00
-2.94 -4.69 55.38 -2.95 -4.70 55.38 0.01
-10.26 -24.40 -12.63 -10.25 -24.41 -12.63 0.01
-5.32 21.80 15.66 -5.32 21.78 15.67 0.01
-25.74 10.06 -34.11 -25.74 10.06 -34.11 0.00
16.68 8.33 -23.35 16.68 8.33 -23.35 0.00
-18.13 5.72 -13.29 -18.13 5.72 -13.28 0.00
23.29 12.71 38.96 23.29 12.71 38.96 0.00
-35.07 -4.45 -10.63 -35.07 -4.46 -10.63 0.00
27.90 -4.24 15.07 27.89 -4.24 15.07 0.00
18.41 25.38 -18.95 18.41 25.40 -18.95 0.03
-34.82 -24.85 -16.22 -34.82 -24.85 -16.22 0.00
-37.50 1.60 -16.82 -37.50 1.60 -16.82 0.00
-30.33 -20.22 -8.19 -30.33 -20.22 -8.19 0.00
1.81 0.59 -23.69 1.80 0.59 -23.69 0.00
-6.76 4.27 44.91 -6.77 4.27 44.91 0.00
8.34 19.30 60.73 8.34 19.30 60.73 0.00
33.89 -6.77 -13.77 33.88 -6.77 -13.77 0.01
8.85 23.81 22.57 8.85 23.81 22.57 0.00
-26.88 -31.63 -21.44 -26.88 -31.63 -21.44 0.00
-8.23 -20.64 -9.81 -8.23 -20.64 -9.80 0.01
-21.71 -10.68 -49.50 -21.71 -10.67 -49.49 0.01
-27.19 -30.56 -18.09 -27.18 -30.56 -18.09 0.01
-11.43 -25.16 -40.75 -11.43 -25.16 -40.75 0.00
-8.94 7.96 31.64 -8.95 7.95 31.65 0.01
4.87 -12.28 7.65 4.87 -12.28 7.65 0.00
7.32 21.27 40.03 7.32 21.26 40.03 0.01
35.41 -4.58 -11.04 35.40 -4.58 -11.04 0.01
19.14 -16.66 -13.87 19.14 -16.64 -13.87 0.02
23.19 13.16 38.29 23.18 13.15 38.29 0.01
21.51 12.58 50.58 21.51 12.58 50.58 0.01
11.67 -6.86 24.98 11.67 -6.86 24.98 0.00
19.89 -11.29 2.04 19.89 -11.28 2.04 0.00
35.98 7.73 10.22 35.99 7.74 10.23 0.01
-36.43 -25.86 -30.68 -36.43 -25.85 -30.68 0.00
-35.97 2.72 -15.42 -35.97 2.72 -15.42 0.00
-27.97 8.76 -17.86 -27.97 8.76 -17.86 0.00
-6.42 11.56 45.95 -6.42 11.56 45.95 0.00
6.13 20.02 -3.65 6.13 20.03 -3.65 0.00
22.35 -9.03 -23.77 22.35 -9.02 -23.76 0.02
20.73 11.15 60.69 20.73 11.15 60.69 0.00
-39.74 -12.20 -34.94 -39.73 -12.20 -34.94 0.01
22.50 -0.59 37.77 22.50 -0.59 37.77 0.01
-18.77 -11.05 -49.18 -18.78 -11.05 -49.17 0.00
-9.49 1.06 21.41 -9.49 1.06 21.41 0.00
-36.69 -20.84 -38.82 -36.68 -20.84 -38.82 0.01
23.84 19.07 21.96 23.84 19.07 21.96 0.00
-19.50 -32.24 -22.76 -19.50 -32.24 -22.76 0.01
18.33 23.98 15.26 18.34 23.99 15.27 0.01
30.34 16.64 12.55 30.34 16.64 12.55 0.01
21.41 -0.49 44.73 21.41 -0.49 44.73 0.00
16.60 -6.20 25.62 16.60 -6.19 25.62 0.00
6.54 -6.86 38.28 6.54 -6.87 38.28 0.01
0.71 -18.91 -13.48 0.71 -18.90 -13.48 0.01
25.96 -7.61 8.10 25.96 -7.60 8.10 0.02
24.41 24.66 -0.31 24.41 24.66 -0.31 0.01
-6.04 -7.99 17.45 -6.04 -7.99 17.45 0.01
-26.54 -23.03 -44.20 -26.54 -23.03 -44.20 0.00
10.90 5.45 62.90 10.90 5.45 62.92 0.01
11.94 20.52 -15.35 11.93 20.53 -15.35 0.01
22.22 14.75 39.01 22.21 14.74 39.01 0.01
31.04 14.39 13.54 31.05 14.39 13.55 0.01
-17.47 1.21 -45.58 -17.47 1.20 -45.57 0.01
12.02 17.66 -27.56 12.02 17.67 -27.56 0.00
12.85 16.41 -29.03 12.86 16.41 -29.03 0.00
-33.41 -24.46 -14.06 -33.42 -24.46 -14.05 0.00
10.10 25.49 12.10 10.10 25.49 12.10 0.00
24.92 13.01 -29.73 24.92 13.01 -29.73 0.01
17.23 -5.77 27.90 17.23 -5.77 27.90 0.00
21.20 -5.78 20.55 21.20 -5.77 20.55 0.01
-2.23 16.10 6.48 -2.24 16.10 6.48 0.00
23.55 8.27 -30.38 23.55 8.27 -30.37 0.01
34.73 -3.91 -2.07 34.72 -3.90 -2.07 0.01
-2.56 18.28 45.17 -2.56 18.27 45.17 0.00
-33.24 -6.42 -45.33 -33.23 -6.42 -45.32 0.01
-8.95 -28.33 -31.67 -8.94 -28.34 -31.67 0.01
13.89 4.34 63.05 13.89 4.34 63.07 0.01
22.63 -15.80 -9.79 22.63 -15.80 -9.79 0.01
14.92 11.10 -17.19 14.92 11.10 -17.19 0.00
25.50 -10.84 -0.85 25.50 -10.83 -0.86 0.02
-7.69 7.41 36.76 -7.70 7.40 36.77 0.01
10.78 23.87 -7.24 10.77 23.88 -7.25 0.01
8.01 21.65 -5.74 8.00 21.66 -5.74 0.01
30.63 -8.72 -1.36 30.62 -8.71 -1.36 0.01
-12.00 5.47 7.60 -12.00 5.47 7.60 0.00
23.12 2.11 41.97 23.13 2.11 41.97 0.00
21.18 24.85 -20.01 21.18 24.86 -20.01 0.01
26.38 -2.31 22.04 26.37 -2.31 22.04 0.00
-5.68 11.05 56.79 -5.67 11.05 56.79 0.01
3.73 0.90 -22.45 3.72 0.90 -22.44 0.01
-29.55 7.27 -15.90 -29.55 7.27 -15.89 0.00
15.44 -17.70 -8.15 15.45 -17.69 -8.15 0.02
-3.73 -3.97 50.58 -3.74 -3.98 50.58 0.02
13.25 23.66 22.50 13.25 23.66 22.50 0.00
-34.51 1.76 -13.14 -34.52 1.76 -13.14 0.00
18.17 -11.66 3.18 18.17 -11.66 3.18 0.00
-22.55 11.28 -32.69 -22.55 11.28 -32.69 0.01
29.40 20.96 -17.54 29.40 20.96 -17.54 0.01
-5.21 4.94 -26.29 -5.21 4.94 -26.29 0.00
18.38 -6.47 19.62 18.38 -6.48 19.62 0.00
11.64 -7.17 22.35 11.64 -7.17 22.35 0.00
-25.33 6.08 -40.81 -25.33 6.08 -40.80 0.01
10.51 14.53 -10.62 10.51 14.53 -10.61 0.01
7.38 11.66 63.23 7.38 11.66 63.25 0.02
-24.37 3.19 -43.81 -24.37 3.19 -43.80 0.01
-35.87 3.38 -15.97 -35.86 3.38 -15.97 0.01
