200 PA4-H-Unknown-Output.txt
-43.07 -6.11 -30.10 -43.06 -6.11 -30.10 0.01
5.45 23.97 20.26 5.45 23.98 20.26 0.01
-37.61 -14.72 -11.32 -37.61 -14.72 -11.32 0.00
35.48 10.42 -17.05 35.48 10.42 -17.05 0.00
2.90 -9.32 19.73 2.90 -9.33 19.74 0.01
-7.12 -22.80 -39.20 -7.12 -22.79 -39.19 0.00
-5.20 9.65 -3.70 -5.19 9.65 -3.70 0.00
15.59 24.01 17.99 15.59 24.00 17.99 0.00
11.28 14.04 -11.28 11.28 14.04 -11.27 0.01
-3.43 -12.60 -40.09 -3.43 -12.60 -40.09 0.00
-3.13 -21.66 -34.87 -3.13 -21.65 -34.86 0.00
21.43 20.55 25.08 21.43 20.55 25.08 0.01
-7.29 3.86 33.36 -7.30 3.86 33.36 0.01
-2.38 17.16 8.10 -2.38 17.16 8.10 0.00
-16.04 2.06 -44.72 -16.05 2.05 -44.72 0.01
-27.82 -30.45 -34.13 -27.82 -30.44 -34.12 0.01
17.50 -17.26 -11.30 17.50 -17.25 -11.30 0.01
8.55 -13.03 4.51 8.55 -13.02 4.50 0.01
1.84 10.17 -10.85 1.84 10.17 -10.85 0.00
-4.60 -23.41 -16.99 -4.60 -23.41 -16.99 0.00
-12.52 10.11 -21.08 -12.52 10.12 -21.08 0.00
-25.07 -31.44 -18.96 -25.07 -31.44 -18.96 0.00
15.06 19.66 -30.61 15.06 19.67 -30.61 0.00
-1.27 -16.22 -5.56 -1.27 -16.22 -5.56 0.00
14.03 22.75 -24.23 14.02 22.76 -24.23 0.01
36.82 -2.19 -6.58 36.81 -2.19 -6.58 0.01
-39.10 -3.99 -38.62 -39.09 -3.99 -38.62 0.01
-20.40 -13.30 -47.20 -20.40 -13.30 -47.20 0.00
28.15 -11.43 -19.11 28.14 -11.42 -19.11 0.02
37.72 4.38 -13.36 37.72 4.38 -13.36 0.00
-0.31 17.82 51.94 -0.30 17.82 51.94 0.01
-6.50 9.33 59.82 -6.49 9.33 59.82 0.00
-42.89 -16.50 -25.55 -42.89 -16.50 -25.56 0.00
27.80 22.68 -6.38 27.80 22.68 -6.38 0.00
-30.48 -15.20 -46.68 -30.48 -15.20 -46.68 0.01
0.50 -10.77 13.91 0.50 -10.77 13.91 0.00
-29.79 -5.72 -8.63 -29.79 -5.72 -8.63 0.00
5.19 -7.46 60.82 5.19 -7.48 60.82 0.02
-0.02 17.26 57.99 -0.02 17.25 57.99 0.00
38.78 3.60 -11.61 38.77 3.60 -11.61 0.01
-0.06 19.05 6.81 -0.06 19.05 6.80 0.01
6.67 -6.86 36.33 6.67 -6.87 36.33 0.00
-6.59 13.64 44.07 -6.61 13.64 44.07 0.02
-17.28 -31.96 -22.73 -17.28 -31.96 -22.73 0.00
-33.63 -18.87 -9.53 -33.63 -18.87 -9.53 0.00
-1.13 -0.67 -26.49 -1.13 -0.67 -26.49 0.00
-38.94 0.57 -34.82 -38.93 0.57 -34.82 0.01
-26.48 10.08 -33.26 -26.47 10.08 -33.26 0.01
-22.13 -11.30 -48.95 -22.13 -11.30 -48.94 0.01
15.52 21.88 35.71 15.52 21.88 35.71 0.00
-8.23 7.87 -6.60 -8.23 7.87 -6.60 0.00
12.46 -13.03 4.28 12.46 -13.03 4.29 0.01
21.06 4.83 59.57 21.08 4.83 59.57 0.01
10.80 -6.45 50.11 10.80 -6.45 50.11 0.00
21.60 -6.93 -24.33 21.61 -6.92 -24.32 0.01
-42.60 -11.26 -18.78 -42.59 -11.26 -18.79 0.00
23.90 5.99 41.76 23.90 5.99 41.76 0.00
-5.00 -22.56 -14.87 -5.00 -22.57 -14.87 0.01
7.18 -14.02 0.89 7.18 -14.02 0.89 0.00
12.13 16.98 -22.72 12.12 16.98 -22.72 0.01
-37.60 -3.71 -12.67 -37.60 -3.71 -12.67 0.00
18.52 25.33 -22.09 18.52 25.34 -22.09 0.01
15.75 -2.94 -22.26 15.75 -2.94 -22.25 0.01
33.39 -5.28 -20.80 33.38 -5.27 -20.79 0.01
-31.52 -29.86 -23.38 -31.52 -29.86 -23.38 0.00
-22.33 5.34 -42.01 -22.33 5.33 -42.00 0.01
-4.23 13.78 57.18 -4.23 13.78 57.18 0.01
-8.89 7.55 30.83 -8.90 7.54 30.83 0.01
-29.39 -30.40 -20.61 -29.39 -30.40 -20.61 0.00
-4.98 20.99 14.32 -4.98 20.99 14.32 0.01
-32.31 3.83 -39.30 -32.30 3.83 -39.30 0.01
-5.57 5.60 -25.51 -5.57 5.60 -25.51 0.00
13.62 27.49 2.08 13.62 27.50 2.08 0.01
22.18 3.82 50.55 22.18 3.82 50.55 0.00
-43.01 -6.53 -30.31 -43.00 -6.53 -30.31 0.01
30.78 17.79 10.76 30.79 17.80 10.77 0.02
26.97 7.66 27.85 26.98 7.66 27.85 0.01
16.00 9.23 -20.72 16.00 9.23 -20.72 0.00
8.82 -7.24 60.90 8.83 -7.24 60.90 0.01
-15.23 21.05 24.00 -15.23 21.05 24.00 0.00
-12.20 8.79 -33.60 -12.20 8.79 -33.60 0.00
19.76 -6.33 18.71 19.76 -6.32 18.71 0.01
-4.45 -1.19 -36.40 -4.45 -1.19 -36.40 0.00
-13.25 -26.79 -40.01 -13.25 -26.78 -40.00 0.00
-39.16 -11.74 -40.37 -39.15 -11.74 -40.36 0.01
4.14 -8.33 23.93 4.14 -8.34 23.93 0.00
-36.53 2.56 -36.68 -36.53 2.56 -36.68 0.01
26.87 23.10 -10.75 26.88 23.11 -10.75 0.01
-11.51 -15.38 -46.49 -11.51 -15.38 -46.49 0.00
10.63 -6.39 34.41 10.63 -6.38 34.41 0.01
17.52 -5.44 31.59 17.52 -5.44 31.59 0.00
23.84 -10.60 0.18 23.84 -10.59 0.18 0.01
19.03 -6.53 -23.53 19.03 -6.53 -23.52 0.01
13.77 -9.96 -20.72 13.77 -9.95 -20.71 0.02
-15.57 13.82 21.05 -15.58 13.81 21.04 0.01
3.92 -9.32 18.90 3.92 -9.32 18.90 0.00
24.78 24.07 -12.15 24.78 24.08 -12.15 0.01
-3.10 -22.18 -16.88 -3.09 -22.19 -16.88 0.01
-17.22 1.44 -3.52 -17.23 1.45 -3.52 0.00
-30.86 5.78 -38.55 -30.86 5.78 -38.55 0.00
-21.57 2.99 -12.00 -21.58 3.00 -12.00 0.01
5.80 -12.90 3.83 5.80 -12.89 3.83 0.01
39.44 7.50 4.51 39.43 7.50 4.51 0.00
14.84 -5.61 38.71 14.84 -5.61 38.71 0.00
-21.67 -9.73 -49.25 -21.67 -9.73 -49.24 0.01
10.76 -16.40 -9.99 10.77 -16.38 -9.99 0.02
-17.87 -31.92 -32.14 -17.87 -31.93 -32.14 0.01
25.11 -10.89 -0.88 25.10 -10.88 -0.88 0.01
16.79 8.43 -24.07 16.79 8.43 -24.07 0.00
-15.87 19.88 27.35 -15.88 19.88 27.35 0.00
-9.74 16.33 14.59 -9.73 16.33 14.60 0.01
-6.98 5.14 53.76 -6.98 5.14 53.76 0.00
-32.35 7.99 -20.55 -32.35 7.98 -20.55 0.01
-22.60 -31.18 -35.07 -22.60 -31.17 -35.07 0.00
5.88 1.05 63.35 5.88 1.05 63.36 0.01
20.65 2.83 59.96 20.64 2.83 59.96 0.01
21.63 12.65 49.60 21.63 12.65 49.60 0.00
-11.22 7.29 10.45 -11.22 7.28 10.45 0.01
12.55 16.87 -28.50 12.55 16.87 -28.50 0.00
-11.99 -28.22 -16.90 -11.99 -28.22 -16.90 0.00
0.36 18.59 49.96 0.36 18.58 49.95 0.01
23.00 7.47 47.28 23.00 7.47 47.28 0.00
33.69 11.70 -21.16 33.69 11.70 -21.16 0.00
-23.32 -10.71 -49.31 -23.33 -10.71 -49.31 0.01
14.54 -17.49 -8.44 14.54 -17.48 -8.44 0.00
-42.84 -10.91 -19.49 -42.84 -10.91 -19.49 0.00
-1.62 16.23 56.00 -1.61 16.22 56.00 0.01
31.78 18.39 8.16 31.78 18.40 8.16 0.01
-11.69 2.83 15.65 -11.70 2.83 15.66 0.01
33.08 -5.99 -2.04 33.08 -5.99 -2.04 0.01
-23.78 6.92 -40.54 -23.78 6.91 -40.53 0.01
0.99 -10.75 14.39 0.99 -10.75 14.39 0.00
-34.64 -0.71 -42.05 -34.63 -0.71 -42.04 0.01
34.36 11.78 10.84 34.37 11.78 10.84 0.01
8.45 -9.06 -22.88 8.44 -9.05 -22.87 0.01
12.20 20.76 -19.03 12.18 20.76 -19.03 0.02
38.91 1.98 6.97 38.91 1.98 6.97 0.00
30.35 20.69 -1.55 30.36 20.69 -1.55 0.01
-12.59 -28.99 -35.97 -12.59 -28.99 -35.97 0.01
-6.42 10.97 47.18 -6.43 10.98 47.19 0.01
4.35 -10.25 -24.70 4.35 -10.25 -24.70 0.01
-0.54 -18.43 -10.30 -0.54 -18.43 -10.30 0.00
-14.80 10.96 -21.97 -14.80 10.96 -21.97 0.00
-39.56 -22.57 -28.88 -39.56 -22.57 -28.88 0.00
-2.49 -15.03 -38.66 -2.49 -15.03 -38.66 0.00
12.00 -15.46 -13.24 12.00 -15.45 -13.24 0.01
-13.48 9.29 -33.91 -13.48 9.29 -33.91 0.00
35.61 6.91 10.91 35.62 6.92 10.92 0.01
39.34 6.54 6.43 39.35 6.54 6.43 0.01
29.33 -1.60 -27.15 29.32 -1.59 -27.14 0.02
31.22 19.33 6.96 31.22 19.33 6.97 0.00
-31.00 -13.48 -46.63 -31.00 -13.48 -46.62 0.01
-8.07 5.61 31.42 -8.07 5.61 31.42 0.01
-4.33 -23.08 -16.69 -4.33 -23.09 -16.69 0.01
-37.33 0.44 -15.33 -37.34 0.44 -15.33 0.01
-12.06 -13.87 -47.11 -12.06 -13.87 -47.11 0.00
-25.21 10.55 -32.76 -25.21 10.54 -32.76 0.02
-7.01 12.64 42.82 -7.03 12.64 42.83 0.02
-24.86 5.80 -41.24 -24.86 5.79 -41.23 0.01
-42.72 -6.51 -18.66 -42.72 -6.51 -18.66 0.00
18.56 -7.57 13.75 18.56 -7.56 13.75 0.00
14.32 23.45 22.49 14.32 23.46 22.49 0.00
35.16 13.75 -14.06 35.17 13.75 -14.07 0.00
-2.64 -5.03 56.59 -2.64 -5.03 56.59 0.00
1.57 11.43 -7.59 1.57 11.43 -7.59 0.00
15.90 -10.93 6.51 15.90 -10.93 6.51 0.00
20.94 15.20 -30.58 20.93 15.20 -30.57 0.01
-6.76 -0.30 -39.77 -6.76 -0.30 -39.77 0.00
-5.08 0.46 -34.07 -5.07 0.46 -34.07 0.01
37.32 11.60 -7.43 37.31 11.59 -7.43 0.01
0.78 -6.79 55.75 0.77 -6.80 55.75 0.01
-32.72 -28.77 -31.51 -32.71 -28.76 -31.51 0.01
15.30 21.34 -29.58 15.30 21.34 -29.57 0.00
-6.69 10.78 4.12 -6.69 10.78 4.12 0.00
-3.17 17.42 9.27 -3.17 17.42 9.26 0.00
-15.62 20.55 24.50 -15.62 20.55 24.50 0.00
-13.63 -1.84 7.40 -13.63 -1.84 7.40 0.01
-4.53 10.36 62.14 -4.54 10.36 62.15 0.01
30.58 18.54 -19.33 30.58 18.54 -19.33 0.01
-11.86 10.06 16.30 -11.87 10.05 16.30 0.01
-10.91 7.83 10.37 -10.90 7.83 10.37 0.01
6.76 -7.28 55.84 6.76 -7.28 55.84 0.00
35.05 3.42 12.16 35.05 3.42 12.16 0.01
-0.77 -6.05 57.70 -0.77 -6.06 57.70 0.01
35.50 11.31 -15.07 35.50 11.31 -15.07 0.01
-0.73 -15.58 -4.65 -0.73 -15.59 -4.65 0.01
1.60 19.04 48.89 1.60 19.03 48.88 0.02
10.69 -13.77 3.03 10.69 -13.77 3.03 0.00
8.80 -9.65 14.07 8.80 -9.65 14.07 0.00
-4.16 13.92 56.92 -4.16 13.92 56.92 0.00
1.09 -6.82 54.15 1.09 -6.82 54.15 0.00
-25.19 -1.36 -46.95 -25.19 -1.36 -46.94 0.01
-33.58 7.96 -23.21 -33.58 7.96 -23.21 0.00
-1.97 -11.34 7.96 -1.97 -11.34 7.96 0.00
4.47 -13.63 0.02 4.47 -13.62 0.02 0.00
25.94 7.81 -30.35 25.94 7.82 -30.34 0.02
-27.94 -31.33 -31.00 -27.94 -31.33 -31.00 0.00
-22.51 -25.43 -42.68 -22.51 -25.42 -42.67 0.01
18.17 17.35 52.17 18.17 17.35 52.17 0.00
-36.62 0.85 -14.68 -36.63 0.85 -14.68 0.01
