200 PA4-G-Unknown-Output.txt
-31.40 2.96 -13.77 -31.40 2.96 -13.76 0.00
-41.16 -3.38 -17.37 -41.15 -3.38 -17.37 0.00
-8.88 -20.46 -43.13 -8.87 -20.47 -43.13 0.00
-7.54 8.85 -0.40 -7.55 8.86 -0.40 0.00
11.74 17.85 -26.65 11.74 17.85 -26.65 0.00
-6.72 8.87 46.42 -6.72 8.87 46.42 0.00
19.13 20.33 35.41 19.13 20.34 35.41 0.00
19.27 -8.39 -23.05 19.27 -8.38 -23.04 0.01
-21.94 -14.19 -5.68 -21.94 -14.19 -5.68 0.00
16.27 22.27 -28.73 16.27 22.27 -28.73 0.00
-29.12 -2.90 -46.01 -29.12 -2.90 -46.01 0.00
-40.44 -20.50 -30.72 -40.43 -20.50 -30.71 0.01
-11.73 23.41 20.74 -11.73 23.40 20.74 0.01
-7.96 3.52 29.75 -7.97 3.52 29.75 0.01
-7.48 4.16 32.65 -7.48 4.16 32.65 0.00
-0.58 -0.47 -25.73 -0.58 -0.47 -25.73 0.01
-10.09 -24.40 -12.73 -10.09 -24.40 -12.73 0.00
19.08 21.71 26.40 19.09 21.72 26.40 0.01
-42.41 -14.64 -20.14 -42.41 -14.64 -20.14 0.00
9.94 24.40 -5.01 9.93 24.41 -5.01 0.01
-5.65 11.77 50.40 -5.65 11.77 50.40 0.00
39.82 4.91 1.73 39.82 4.91 1.73 0.00
1.87 16.67 1.37 1.86 16.68 1.37 0.01
0.25 18.55 5.75 0.25 18.54 5.75 0.00
18.65 -1.70 54.69 18.65 -1.70 54.69 0.00
12.05 -16.74 -4.34 12.05 -16.74 -4.34 0.00
-37.63 -1.64 -14.11 -37.63 -1.64 -14.11 0.00
-4.59 24.55 27.93 -4.59 24.54 27.93 0.01
-4.33 -24.54 -31.34 -4.33 -24.54 -31.34 0.00
21.40 -11.16 -21.52 21.40 -11.15 -21.51 0.01
20.68 21.12 24.61 20.68 21.13 24.61 0.00
1.90 -7.23 33.70 1.90 -7.24 33.70 0.00
-5.83 10.98 58.33 -5.83 10.98 58.33 0.01
-3.82 -0.30 -30.11 -3.82 -0.30 -30.11 0.00
-9.91 -9.67 4.51 -9.91 -9.68 4.51 0.00
11.01 -14.43 -16.41 11.01 -14.42 -16.40 0.01
12.73 15.27 63.07 12.73 15.27 63.08 0.01
2.59 23.10 29.02 2.59 23.10 29.02 0.01
-31.90 4.39 -14.41 -31.90 4.39 -14.41 0.00
14.31 18.76 -30.90 14.31 18.76 -30.89 0.01
14.07 -5.41 55.71 14.07 -5.41 55.71 0.01
-29.61 8.86 -32.74 -29.61 8.86 -32.74 0.00
-25.40 -4.29 -47.38 -25.40 -4.29 -47.38 0.00
18.67 -6.98 16.01 18.66 -6.97 16.01 0.01
36.26 -1.39 9.82 36.26 -1.40 9.82 0.00
18.48 7.96 -26.56 18.49 7.97 -26.55 0.01
27.16 7.59 27.27 27.16 7.59 27.27 0.00
2.07 23.85 22.54 2.07 23.84 22.54 0.01
-14.29 3.09 -43.16 -14.29 3.09 -43.16 0.00
-4.55 16.94 10.34 -4.55 16.94 10.34 0.00
20.54 0.09 52.06 20.54 0.09 52.06 0.00
37.77 -1.01 -12.13 37.76 -1.00 -12.12 0.01
38.52 3.53 -12.22 38.51 3.53 -12.22 0.00
-18.41 12.21 -26.91 -18.41 12.22 -26.91 0.00
-42.11 -6.62 -17.66 -42.11 -6.62 -17.66 0.00
32.15 -6.97 0.65 32.14 -6.96 0.65 0.01
1.32 18.21 55.85 1.33 18.20 55.85 0.01
-34.28 -13.55 -45.71 -34.28 -13.55 -45.71 0.00
20.83 -15.93 -14.91 20.83 -15.91 -14.91 0.02
-19.50 -26.42 -10.90 -19.50 -26.42 -10.90 0.00
11.98 17.30 -22.72 11.98 17.30 -22.72 0.00
23.22 17.95 -27.89 23.22 17.95 -27.89 0.00
-4.03 -18.18 -39.20 -4.03 -18.18 -39.20 0.00
21.12 22.42 -25.80 21.12 22.43 -25.81 0.00
6.81 19.43 -5.47 6.80 19.43 -5.47 0.00
-5.33 -1.81 59.64 -5.34 -1.81 59.64 0.00
26.51 0.82 26.68 26.50 0.82 26.68 0.01
15.14 19.53 -30.74 15.14 19.53 -30.75 0.01
9.26 25.98 8.34 9.25 26.00 8.34 0.02
30.45 9.27 -28.02 30.45 9.27 -28.02 0.00
4.21 23.15 27.44 4.21 23.14 27.44 0.01
-3.33 -4.51 -38.02 -3.33 -4.51 -38.03 0.00
26.02 13.18 26.10 26.02 13.18 26.10 0.01
3.18 -14.75 -3.29 3.18 -14.74 -3.29 0.00
-6.64 15.65 42.85 -6.64 15.65 42.85 0.00
-13.36 2.82 -43.06 -13.36 2.82 -43.06 0.00
-6.52 1.26 38.99 -6.51 1.27 38.99 0.00
3.48 21.55 4.16 3.48 21.55 4.16 0.00
-42.63 -11.11 -18.89 -42.64 -11.11 -18.89 0.00
-3.45 -15.64 -39.84 -3.45 -15.64 -39.84 0.00
-9.99 -17.17 -44.72 -9.98 -17.17 -44.72 0.00
-36.49 -11.50 -9.48 -36.49 -11.50 -9.48 0.00
-26.77 -14.77 -6.61 -26.77 -14.77 -6.60 0.00
-8.40 -21.92 -41.49 -8.40 -21.92 -41.49 0.00
-30.76 -30.25 -30.06 -30.76 -30.25 -30.06 0.00
10.41 -6.47 43.69 10.41 -6.47 43.69 0.00
-9.84 9.06 -20.60 -9.83 9.07 -20.60 0.01
26.39 -1.32 24.19 26.39 -1.32 24.19 0.00
-16.21 -12.36 -3.07 -16.21 -12.36 -3.07 0.00
24.33 -12.03 -2.94 24.33 -12.03 -2.94 0.00
2.77 14.62 -3.57 2.77 14.62 -3.57 0.00
-1.86 7.10 -19.37 -1.86 7.11 -19.37 0.00
6.75 -11.06 -22.52 6.75 -11.06 -22.52 0.00
-26.08 -20.70 -46.19 -26.08 -20.70 -46.19 0.00
22.53 -5.80 17.05 22.52 -5.79 17.05 0.01
30.85 10.33 -26.90 30.84 10.33 -26.90 0.01
-2.80 8.28 -16.74 -2.80 8.29 -16.74 0.00
-1.23 -18.18 -9.53 -1.23 -18.18 -9.53 0.00
-30.29 -7.28 -47.12 -30.29 -7.28 -47.12 0.01
-2.44 22.54 15.21 -2.44 22.54 15.21 0.00
-15.03 -28.63 -38.07 -15.03 -28.64 -38.07 0.00
-39.09 -3.41 -38.29 -39.09 -3.41 -38.29 0.00
-11.09 16.82 37.23 -11.10 16.82 37.25 0.03
19.83 -8.69 -22.84 19.83 -8.67 -22.83 0.02
-8.87 -12.81 0.02 -8.87 -12.81 0.02 0.00
35.48 -3.88 7.22 35.47 -3.87 7.22 0.01
-27.15 2.52 -43.52 -27.15 2.52 -43.52 0.00
-31.35 0.28 -42.90 -31.35 0.27 -42.89 0.01
-3.88 14.82 51.14 -3.87 14.81 51.14 0.01
29.44 20.67 8.19 29.44 20.67 8.19 0.00
-34.58 -26.72 -33.85 -34.57 -26.71 -33.85 0.01
29.73 17.21 -22.41 29.72 17.21 -22.41 0.00
-13.49 -17.75 -6.68 -13.48 -17.76 -6.67 0.01
-38.68 -22.90 -20.13 -38.68 -22.90 -20.13 0.00
1.09 -14.84 -3.63 1.09 -14.85 -3.62 0.01
-35.04 -7.54 -8.90 -35.04 -7.55 -8.90 0.00
-26.02 -32.32 -26.69 -26.02 -32.32 -26.69 0.00
10.09 -6.42 37.94 10.09 -6.42 37.94 0.00
-4.16 17.47 10.36 -4.16 17.47 10.36 0.00
10.47 -15.12 0.29 10.47 -15.11 0.28 0.01
5.03 20.20 45.28 5.03 20.20 45.28 0.00
-35.13 -12.11 -45.48 -35.12 -12.11 -45.47 0.01
2.55 10.07 -11.83 2.54 10.08 -11.83 0.01
15.29 27.03 -0.14 15.29 27.03 -0.14 0.00
0.93 21.00 8.02 0.93 21.00 8.02 0.01
11.41 -16.06 -11.79 11.41 -16.06 -11.79 0.01
-20.85 -13.39 -5.12 -20.85 -13.40 -5.12 0.00
-3.19 -21.80 -16.10 -3.18 -21.80 -16.10 0.01
0.95 -0.26 -24.57 0.94 -0.26 -24.57 0.01
-6.37 1.04 46.01 -6.37 1.04 46.01 0.00
-14.96 -10.40 -0.47 -14.97 -10.40 -0.47 0.01
14.72 -11.74 5.39 14.72 -11.73 5.38 0.01
-42.85 -4.70 -20.24 -42.84 -4.70 -20.24 0.00
-5.67 10.86 2.09 -5.67 10.86 2.09 0.01
39.59 7.54 -4.90 39.59 7.54 -4.91 0.00
3.45 7.42 -16.66 3.45 7.42 -16.65 0.01
10.29 -14.53 -16.49 10.29 -14.52 -16.49 0.01
20.28 19.59 31.94 20.27 19.58 31.94 0.01
34.64 2.18 12.63 34.64 2.18 12.63 0.00
-13.34 23.03 22.80 -13.34 23.02 22.80 0.00
-11.98 8.31 -34.86 -11.98 8.31 -34.86 0.00
20.16 -2.45 42.33 20.18 -2.47 42.33 0.02
31.86 10.30 14.89 31.87 10.30 14.90 0.01
-42.03 -2.15 -22.81 -42.03 -2.15 -22.81 0.00
-8.51 19.38 38.23 -8.51 19.38 38.24 0.01
-2.09 -21.89 -18.21 -2.10 -21.89 -18.21 0.00
-39.48 -11.84 -13.25 -39.48 -11.84 -13.26 0.01
13.67 22.78 -23.26 13.67 22.79 -23.26 0.01
-9.79 -20.86 -43.40 -9.79 -20.86 -43.40 0.00
2.34 -16.13 -24.44 2.34 -16.13 -24.44 0.00
-0.41 -15.95 -34.82 -0.41 -15.96 -34.82 0.01
8.80 20.80 -8.01 8.79 20.80 -8.01 0.01
28.50 10.16 21.59 28.51 10.16 21.59 0.00
-0.86 -1.24 -26.64 -0.86 -1.24 -26.64 0.00
-31.35 4.88 -14.45 -31.35 4.88 -14.45 0.00
-2.30 -20.20 -13.31 -2.30 -20.20 -13.31 0.00
39.76 2.49 -1.55 39.75 2.49 -1.55 0.01
-4.63 -3.43 39.72 -4.63 -3.43 39.73 0.01
-16.79 -31.68 -32.25 -16.79 -31.68 -32.25 0.00
33.74 16.78 -1.09 33.74 16.78 -1.09 0.00
-21.43 7.19 -16.07 -21.43 7.19 -16.07 0.00
-1.27 -7.57 -31.19 -1.27 -7.57 -31.19 0.00
3.83 -8.29 -25.35 3.83 -8.29 -25.35 0.00
17.20 8.96 63.15 17.20 8.96 63.16 0.01
1.92 -11.71 9.34 1.92 -11.71 9.34 0.01
3.46 -4.37 -24.72 3.46 -4.37 -24.73 0.00
30.28 13.24 15.68 30.28 13.24 15.68 0.00
5.97 -9.72 15.93 5.97 -9.72 15.93 0.00
20.04 -10.30 3.88 20.04 -10.30 3.88 0.00
4.80 3.75 -19.61 4.80 3.76 -19.61 0.00
18.42 23.43 17.73 18.42 23.44 17.73 0.01
36.41 1.23 -16.95 36.42 1.23 -16.95 0.00
18.83 10.72 63.07 18.83 10.72 63.08 0.01
34.06 14.72 -15.68 34.06 14.72 -15.68 0.00
-12.02 12.16 16.70 -12.02 12.16 16.70 0.01
-14.12 -4.74 4.84 -14.12 -4.75 4.84 0.01
-4.78 8.62 -14.26 -4.78 8.62 -14.26 0.00
-7.10 12.22 42.58 -7.11 12.22 42.58 0.00
35.07 -2.58 10.38 35.07 -2.58 10.37 0.01
-13.13 -25.04 -11.56 -13.13 -25.04 -11.55 0.01
-4.27 -25.48 -22.86 -4.26 -25.49 -22.85 0.01
0.95 -12.25 4.42 0.95 -12.25 4.42 0.01
-11.13 -24.59 -41.12 -11.13 -24.60 -41.12 0.00
-41.20 -11.69 -15.86 -41.19 -11.69 -15.87 0.00
-2.96 -5.05 -35.74 -2.95 -5.04 -35.74 0.01
-7.81 5.81 -30.90 -7.81 5.81 -30.90 0.01
31.68 -8.91 -13.92 31.67 -8.90 -13.92 0.02
-9.36 5.51 26.35 -9.36 5.51 26.35 0.00
28.06 3.73 -29.91 28.06 3.73 -29.91 0.00
-2.30 -7.40 -37.34 -2.30 -7.40 -37.34 0.00
-31.97 -0.09 -42.91 -31.97 -0.09 -42.91 0.01
-38.17 1.12 -35.72 -38.17 1.11 -35.71 0.01
24.91 3.72 35.26 24.89 3.72 35.25 0.01
0.05 -6.26 50.36 0.05 -6.26 50.36 0.00
-29.05 -23.31 -9.40 -29.05 -23.31 -9.40 0.00
1.93 -6.99 53.76 1.93 -6.99 53.76 0.00
32.93 -6.01 -6.09 32.93 -6.01 -6.09 0.00
22.89 7.41 48.15 22.89 7.41 48.15 0.00
-39.53 -13.59 -38.64 -39.52 -13.59 -38.64 0.01
-13.24 -29.03 -36.38 -13.24 -29.03 -36.37 0.01
